46	144	196	123	137	127	8	127	2	125	
51	141	170	124	132	125	0	126	2	126	
56	138	193	124	127	123	0	127	2	127	
60	135	135	124	124	122	0	126	2	128	
67	132	137	124	121	119	0	126	2	129	
71	130	103	124	120	118	0	126	2	131	
75	127	99	125	120	116	0	126	2	132	
81	125	114	125	119	115	0	126	2	133	
84	123	145	125	117	114	0	126	2	134	
86	121	142	125	117	112	0	126	2	135	
92	119	235	124	115	111	0	126	2	136	
96	116	254	124	114	110	0	126	2	137	
99	115	254	124	112	109	0	126	2	138	
102	114	254	124	111	107	0	126	2	139	
106	112	254	124	107	107	0	126	2	140	
109	112	254	124	108	107	0	126	2	141	
112	110	254	124	106	106	0	127	2	142	
115	108	254	124	102	105	0	127	2	143	
118	107	254	123	100	104	0	126	2	144	
119	106	254	124	94	104	0	127	2	145	
122	105	254	124	95	106	0	127	2	146	
124	104	254	124	93	254	0	127	2	147	
126	103	254	124	91	254	0	127	2	148	
0	102	254	124	88	255	0	127	2	150	
0	101	254	123	86	254	0	127	2	151	
0	254	254	124	84	254	0	127	2	152	
0	254	241	123	79	254	0	127	2	153	
0	254	217	123	77	254	0	128	2	154	
0	254	191	123	76	254	0	127	2	155	
0	254	166	123	69	254	0	128	2	156	
0	254	150	123	78	254	0	127	2	157	
0	254	128	124	81	254	0	127	2	158	
0	254	120	124	86	254	0	127	2	159	
0	254	93	124	92	254	0	127	2	160	
0	254	124	124	104	254	29	127	2	161	
0	254	137	124	110	254	113	127	2	162	
0	254	184	124	111	255	85	127	2	163	
0	254	177	125	111	254	102	127	2	165	
0	254	179	124	110	255	112	127	2	166	
0	254	202	124	103	254	45	126	2	167	
0	254	199	124	102	254	0	127	2	168	
0	254	178	125	99	254	0	127	2	169	
0	254	136	198	95	254	0	127	2	170	
0	254	142	254	93	254	0	127	2	171	
0	254	114	254	92	254	0	126	2	172	
0	254	95	254	92	254	28	127	2	173	
0	254	94	254	97	254	62	127	2	174	
0	254	67	254	102	254	96	127	2	175	
0	254	66	254	107	254	127	127	2	176	
0	254	16	254	114	225	157	127	2	177	
19	254	23	254	121	166	186	127	2	178	
70	254	0	254	126	109	213	127	2	179	
119	192	0	254	134	58	238	127	2	180	
166	133	0	254	136	9	254	127	2	181	
209	79	0	254	127	0	254	126	2	182	
251	26	0	254	130	0	254	126	2	183	
254	0	0	254	129	0	254	127	2	184	
254	0	54	254	127	0	254	127	2	185	
254	0	59	254	129	0	254	127	2	186	
254	0	52	254	135	0	254	127	2	187	
254	0	45	254	141	0	254	127	2	188	
254	0	19	254	145	0	254	127	2	189	
254	0	17	254	147	0	254	127	2	190	
254	0	0	254	148	0	254	127	2	191	
254	0	0	254	147	0	254	127	2	192	
254	0	0	254	148	0	254	127	2	193	
254	0	0	254	150	0	254	126	2	194	
254	0	0	254	151	0	254	127	2	195	
254	0	0	254	153	0	254	126	2	196	
254	0	0	254	155	0	254	127	2	197	
254	0	0	213	155	0	254	126	2	199	
254	0	0	165	152	0	254	126	2	200	
254	0	0	121	152	0	254	126	2	201	
254	0	0	79	152	0	254	126	2	202	
254	0	0	39	152	0	254	126	2	203	
254	0	0	1	150	0	254	126	2	204	
254	0	0	0	142	0	254	126	2	205	
254	0	41	0	145	0	254	126	2	206	
254	0	34	0	142	0	254	126	2	207	
254	0	102	0	135	0	254	126	2	208	
254	0	132	0	132	0	254	126	2	209	
254	0	93	0	138	0	254	126	2	210	
254	0	85	0	138	0	254	126	2	211	
254	0	54	0	142	0	254	126	2	212	
254	0	36	0	155	0	254	125	2	213	
254	0	0	0	163	0	254	126	2	214	
254	0	0	0	169	0	254	126	2	215	
254	0	0	0	173	0	254	126	2	216	
254	0	0	0	180	0	254	126	2	217	
254	0	0	0	184	0	254	126	2	218	
254	0	0	0	179	0	254	126	2	219	
254	0	0	0	191	0	254	126	2	220	
254	0	0	0	196	0	254	126	2	221	
254	0	0	0	197	0	254	126	2	222	
254	0	0	0	205	0	254	126	2	223	
254	0	0	0	214	0	254	126	2	224	
254	0	0	0	224	0	254	126	2	225	
254	0	0	0	230	0	254	126	2	226	
254	0	0	0	243	0	254	126	2	227	
254	0	0	0	246	0	254	126	2	228	
254	0	0	0	248	0	254	126	2	229	
254	0	0	0	254	0	254	126	2	230	
254	254	0	0	254	0	254	126	2	231	
254	254	0	0	254	0	254	126	2	233	
254	254	0	0	254	0	254	126	2	234	
254	254	0	0	254	0	254	126	2	235	
254	254	0	0	254	0	254	126	2	236	
254	254	0	0	254	0	254	126	2	237	
254	254	0	0	254	0	254	126	2	238	
254	254	0	0	248	0	254	126	2	239	
254	254	0	0	237	0	254	126	2	240	
254	254	0	0	225	0	254	126	2	241	
254	255	0	0	212	0	254	126	2	242	
254	0	0	0	209	0	254	126	2	243	
254	0	0	0	217	0	254	126	2	244	
254	0	0	0	227	0	254	126	2	245	
254	0	0	0	238	0	254	126	2	246	
254	0	0	0	254	0	254	126	2	247	
254	0	0	0	254	0	254	123	2	248	
254	0	0	0	254	0	254	126	2	249	
254	0	0	0	254	0	254	126	2	250	
254	0	0	0	254	0	254	125	2	251	
254	0	210	0	254	0	254	125	2	252	
254	0	254	0	254	0	254	125	2	253	
254	0	254	0	231	0	254	126	2	254	
254	0	254	0	201	0	254	125	2	255	
254	0	254	0	180	0	254	126	2	0	
254	0	254	0	164	0	254	125	2	1	
254	0	254	0	152	0	254	125	2	2	
254	0	254	0	152	0	254	125	2	3	
254	0	252	0	153	0	254	125	2	4	
254	0	249	0	158	0	226	126	2	5	
254	0	251	0	156	0	163	126	2	6	
254	0	227	0	154	0	103	125	2	7	
254	0	209	0	157	0	46	125	2	8	
254	0	184	0	153	0	0	125	2	9	
254	0	158	0	151	0	0	126	2	11	
254	0	142	0	151	0	0	125	2	12	
254	0	129	0	151	0	0	125	2	13	
254	0	156	0	149	0	0	126	2	14	
254	22	164	0	145	0	0	125	2	15	
254	59	175	0	141	53	0	126	2	16	
254	92	254	0	137	122	0	125	2	17	
215	125	254	0	126	188	0	126	2	18	
158	186	254	0	110	251	0	126	2	19	
105	213	254	0	98	254	0	126	2	20	
55	239	254	0	81	254	0	126	2	21	
6	254	254	0	63	254	0	126	2	22	
0	254	254	44	47	254	0	126	2	23	
0	254	254	105	34	254	0	126	2	24	
0	254	254	162	13	254	0	126	2	26	
0	254	254	218	11	254	0	126	2	27	
0	254	254	254	10	254	0	126	2	28	
0	254	254	254	9	254	0	126	2	29	
0	254	254	254	17	254	0	126	2	30	
0	254	254	254	26	254	0	126	2	31	
0	254	254	254	39	254	0	126	2	32	
0	254	254	254	47	254	0	126	2	33	
0	254	254	254	56	254	0	126	2	34	
0	254	254	254	53	254	0	126	2	35	
0	254	254	254	54	254	0	126	2	36	
0	254	254	254	56	254	0	126	2	37	
0	254	255	254	52	254	0	126	2	38	
0	254	254	254	46	254	0	126	2	39	
0	254	254	254	36	254	0	126	2	40	
0	254	254	254	28	254	0	126	2	41	
0	254	254	254	21	254	0	126	2	42	
0	254	254	254	15	254	0	126	2	43	
0	254	254	254	9	254	0	126	2	45	
0	254	254	254	2	254	0	126	2	46	
0	254	254	254	0	254	0	126	2	47	
0	254	254	254	0	254	0	126	2	48	
0	254	254	254	0	254	0	126	2	49	
0	254	254	254	0	254	0	126	2	50	
0	254	254	254	0	254	0	126	2	51	
0	254	254	254	0	254	0	126	2	52	
0	254	254	254	0	254	0	126	2	53	
0	254	254	254	0	254	0	126	2	54	
0	254	254	254	0	254	0	126	2	55	
0	254	254	254	0	254	0	127	2	56	
0	254	254	254	0	254	0	126	2	57	
0	254	254	254	0	254	0	126	2	58	
0	254	254	254	0	254	0	126	2	60	
0	254	254	254	0	254	0	126	2	61	
0	254	254	254	0	254	0	126	2	62	
0	254	254	254	0	254	0	126	2	63	
0	254	254	254	0	254	0	126	2	64	
0	254	254	254	0	254	0	126	2	65	
0	254	254	254	0	254	0	126	2	66	
0	254	254	254	0	254	0	126	2	67	
0	254	254	254	0	254	0	126	2	68	
0	254	254	254	0	254	0	126	2	69	
0	254	254	254	0	254	0	126	2	70	
0	254	254	254	0	254	0	126	2	71	
0	254	254	254	0	254	0	126	2	72	
0	254	255	254	0	254	0	126	2	73	
0	254	254	254	0	254	0	127	2	74	
0	254	254	254	0	254	0	126	2	75	
0	254	254	254	13	254	0	127	2	76	
0	254	190	254	19	255	0	127	2	77	
0	254	168	254	32	254	0	127	2	78	
0	254	138	254	36	254	0	127	2	79	
0	254	139	254	37	254	0	127	2	80	
0	254	110	254	44	254	0	126	2	81	
0	254	88	254	46	254	0	124	2	82	
0	254	114	254	51	254	0	0	2	83	
0	254	69	254	55	254	0	0	2	84	
0	254	9	254	56	254	0	0	2	85	
0	0	0	254	61	254	0	0	2	86	
0	0	0	254	67	254	0	0	2	87	
0	0	0	254	90	254	0	0	2	88	
0	0	0	254	105	254	0	0	2	89	
0	0	0	254	123	254	16	0	2	90	
33	0	0	254	123	254	84	0	2	91	
80	0	0	254	149	254	149	0	2	92	
125	0	0	254	156	255	210	0	2	94	
168	0	0	254	167	254	254	0	2	95	
208	0	0	254	176	254	254	0	2	96	
246	0	0	254	185	254	254	0	2	97	
254	0	0	254	201	255	254	0	2	98	
254	0	0	254	204	254	254	0	2	99	
254	0	0	254	209	254	254	0	2	100	
254	0	0	254	211	254	254	0	2	101	
254	0	0	233	212	204	254	0	2	102	
254	0	0	176	217	147	254	0	2	103	
254	0	0	121	218	93	254	0	2	104	
254	0	0	70	219	41	254	0	2	105	
254	0	0	22	220	0	254	0	2	106	
254	0	0	0	217	0	254	0	2	107	
254	0	0	0	213	0	254	0	2	108	
254	0	0	0	207	0	254	0	2	109	
254	0	0	0	199	0	254	25	2	110	
254	0	0	0	189	0	254	66	2	111	
254	0	0	0	180	0	254	106	2	112	
254	0	0	0	176	0	254	144	2	113	
254	0	0	0	167	0	254	179	2	114	
254	0	0	0	161	0	254	213	2	115	
254	0	0	0	156	0	254	245	2	116	
254	0	0	0	152	0	254	254	2	117	
254	0	0	0	146	0	254	254	2	118	
254	0	0	0	141	0	254	254	2	119	
254	0	0	0	137	0	254	254	2	120	
254	0	0	0	131	0	254	254	2	121	
254	0	0	0	125	0	254	255	2	122	
254	0	0	0	123	0	254	254	2	123	
254	0	0	0	125	0	254	254	2	124	
254	0	0	0	128	0	254	254	2	125	
254	0	0	0	129	0	254	254	2	126	
254	16	0	0	136	0	254	254	2	128	
254	52	0	0	145	0	254	254	2	129	
254	86	0	0	156	0	254	254	2	130	
254	118	0	0	162	0	254	254	2	131	
254	149	0	0	170	0	254	254	2	132	
254	177	0	0	182	0	254	254	2	133	
254	204	0	0	189	0	254	255	2	134	
254	230	0	0	198	0	254	255	2	135	
254	254	0	0	205	0	254	255	2	136	
254	254	0	0	210	0	254	255	2	137	
254	254	0	0	215	0	254	255	2	138	
254	254	0	0	217	0	254	255	2	139	
254	254	0	0	217	0	254	255	2	140	
254	254	0	0	219	0	254	255	2	141	
254	254	0	0	220	0	254	254	2	143	
254	254	0	0	222	0	254	254	2	144	
254	254	0	0	225	0	254	254	2	145	
254	254	0	0	230	0	254	255	2	146	
254	254	0	0	234	0	254	254	2	147	
254	254	0	0	239	0	254	255	2	148	
254	255	0	0	245	0	254	254	2	149	
254	254	0	0	249	0	254	254	2	150	
254	254	0	0	254	0	254	254	2	151	
254	254	0	0	254	0	254	254	2	152	
254	0	0	0	254	0	254	255	2	153	
254	0	0	0	254	0	254	255	2	154	
254	0	0	0	254	0	254	255	2	155	
254	0	30	0	254	0	254	255	2	156	
254	0	29	0	254	0	254	254	2	157	
254	0	37	0	252	0	254	254	2	158	
254	0	34	0	250	0	254	254	2	159	
254	0	38	0	249	0	254	254	2	160	
254	0	43	0	250	0	254	254	2	162	
254	0	82	0	250	0	254	254	2	163	
254	0	88	0	252	0	254	255	2	164	
254	0	107	0	253	0	254	254	2	165	
254	0	108	0	254	0	254	255	2	166	
254	0	129	0	254	0	254	255	2	167	
254	0	126	0	254	0	254	254	2	168	
254	0	157	0	254	0	254	166	2	169	
254	0	180	0	254	0	254	122	2	170	
254	0	205	0	254	0	254	81	2	171	
254	0	218	0	254	0	254	41	2	172	
254	0	205	0	254	0	254	4	2	173	
254	0	224	0	252	0	254	0	2	174	
254	0	225	0	249	0	254	0	2	175	
254	0	214	0	239	0	192	0	2	177	
254	0	213	0	231	0	124	0	2	178	
254	0	222	0	222	0	62	0	2	179	
254	0	220	0	215	0	3	0	2	180	
254	0	235	0	210	0	0	0	2	181	
254	0	232	0	207	0	0	0	2	182	
235	0	254	0	205	0	0	0	2	183	
177	0	254	0	203	0	0	0	2	184	
120	0	254	0	202	0	0	0	2	185	
67	0	254	0	202	0	0	0	2	186	
18	0	254	0	198	48	0	0	2	187	
0	11	254	0	194	119	0	0	2	188	
0	38	254	0	192	186	0	0	2	189	
0	63	254	0	185	251	0	0	2	190	
0	87	254	0	172	254	0	0	2	191	
0	110	254	0	161	254	0	0	2	192	
0	131	254	0	151	254	0	0	2	193	
0	152	254	0	138	254	0	0	2	194	
0	171	254	59	123	254	0	0	2	195	
0	189	254	130	105	254	0	0	2	196	
0	205	254	197	84	254	0	0	2	197	
0	222	254	254	67	254	0	0	2	198	
0	236	254	254	48	254	0	0	2	199	
0	249	254	254	30	254	0	0	2	200	
0	254	254	254	17	254	0	0	2	201	
0	254	254	254	7	254	0	0	2	202	
0	254	254	254	0	254	0	0	2	203	
0	254	254	254	0	254	0	0	2	204	
0	254	254	254	0	254	0	0	2	205	
0	254	254	254	0	254	0	0	2	206	
0	254	254	254	0	254	0	0	2	207	
0	254	254	254	0	254	0	0	2	208	
0	254	254	254	0	254	0	0	2	209	
0	254	254	254	0	254	0	0	2	211	
0	254	254	254	0	254	0	0	2	212	
0	254	254	254	0	254	0	0	2	213	
0	254	254	254	0	254	0	0	2	214	
0	254	254	254	0	254	0	0	2	215	
0	254	254	254	0	254	0	0	2	216	
0	254	254	254	0	254	0	0	2	217	
0	254	254	254	0	254	0	0	2	218	
0	254	254	254	8	254	0	0	2	219	
0	254	254	254	15	254	0	0	2	220	
0	254	254	254	23	254	0	0	2	221	
0	254	254	254	28	254	0	0	2	222	
0	254	254	254	34	254	0	0	2	223	
0	254	254	254	37	254	0	0	2	224	
0	254	254	254	39	254	0	0	2	225	
0	254	254	254	41	254	0	0	2	226	
0	254	254	254	44	254	0	0	2	227	
0	254	254	254	47	254	0	0	2	228	
0	254	254	254	50	254	0	0	2	229	
0	254	254	254	53	254	0	0	2	230	
0	254	254	254	56	254	0	0	2	231	
0	254	254	254	57	254	0	0	2	232	
0	254	254	254	60	254	0	0	2	233	
0	254	254	254	61	254	0	0	2	234	
0	254	254	254	61	254	0	0	2	235	
0	254	254	254	63	254	0	0	2	236	
0	254	254	254	63	254	0	0	2	237	
0	254	254	254	64	254	0	0	2	238	
0	254	254	254	66	254	0	0	2	239	
0	254	254	254	67	254	0	0	2	240	
0	254	254	254	68	254	0	0	2	241	
0	254	254	254	67	254	0	0	2	242	
0	254	254	254	64	254	0	0	2	243	
0	254	254	254	58	254	0	0	2	245	
0	254	254	254	54	254	0	0	2	246	
0	254	254	254	47	254	0	0	2	247	
0	254	254	254	41	254	0	0	2	248	
0	254	254	254	36	254	0	0	2	249	
0	254	254	254	37	254	0	0	2	250	
0	254	254	254	32	254	0	0	2	251	
0	254	254	254	37	254	0	0	2	252	
0	254	254	254	38	255	0	7	2	253	
0	254	218	254	44	254	0	13	2	254	
0	254	171	254	54	254	0	19	2	255	
0	254	97	254	61	254	0	25	2	0	
0	254	54	254	72	254	0	31	2	1	
0	254	17	254	84	254	0	37	2	2	
0	254	0	254	93	254	0	42	2	4	
0	254	0	254	106	254	0	47	2	5	
0	254	0	254	117	254	0	52	2	6	
0	254	0	254	129	254	0	57	2	7	
0	254	0	254	141	254	0	62	2	8	
0	0	0	254	153	255	0	66	2	9	
0	0	0	254	163	254	0	71	2	10	
0	0	0	254	172	254	0	75	2	11	
0	0	0	254	180	254	71	79	2	12	
0	0	0	254	189	255	146	83	2	13	
31	0	0	254	192	254	231	86	2	14	
84	0	0	254	194	254	254	90	2	15	
134	0	0	254	194	254	254	93	2	16	
182	0	0	254	189	254	254	96	2	17	
228	0	0	254	176	254	254	99	2	18	
254	0	0	254	170	254	254	103	2	19	
254	0	0	254	163	254	254	104	2	20	
254	0	0	254	159	254	254	0	2	21	
254	0	0	254	153	254	254	0	2	23	
254	0	0	254	150	241	254	0	2	24	
254	0	0	254	149	177	254	0	2	25	
254	0	0	254	141	116	254	0	2	26	
254	0	0	225	123	60	254	0	2	27	
254	0	0	162	135	6	254	0	2	28	
254	0	0	44	136	0	254	0	2	29	
254	0	0	0	124	0	254	254	2	30	
254	0	0	0	144	0	254	254	2	31	
254	0	0	0	152	0	254	254	2	32	
254	0	0	0	167	0	254	255	2	33	
254	0	0	0	182	0	254	254	2	34	
254	0	0	0	195	0	254	255	2	35	
254	0	0	0	209	0	254	254	2	36	
254	0	0	0	225	0	254	255	2	38	
254	0	0	0	240	0	254	255	2	39	
254	0	254	0	252	0	254	255	2	40	
254	0	116	0	241	0	254	254	2	41	
254	0	196	0	158	0	254	254	2	42	
254	0	121	0	160	0	254	255	2	43	
254	0	0	0	145	0	254	254	2	44	
254	0	0	0	116	0	254	254	2	45	
254	0	0	0	137	0	254	254	2	46	
254	0	0	0	198	0	254	254	2	47	
254	0	0	0	254	0	254	255	2	48	
254	0	0	0	254	0	254	254	2	49	
254	0	0	0	254	0	254	254	2	50	
254	14	0	0	254	0	254	255	2	51	
254	48	0	0	254	0	254	254	2	52	
254	80	0	0	254	0	254	255	2	53	
254	111	0	0	254	0	254	254	2	54	
254	140	0	0	254	0	254	254	2	55	
254	167	0	0	254	0	254	254	2	56	
254	192	0	0	254	0	254	254	2	57	
254	217	0	0	254	0	254	254	2	58	
254	238	0	0	254	0	254	255	2	59	
254	254	0	0	254	0	254	254	2	60	
254	254	0	0	254	0	254	254	2	61	
254	254	0	0	254	0	254	254	2	62	
254	254	0	0	254	0	254	254	2	63	
254	254	0	0	254	0	254	237	2	64	
254	254	0	0	254	0	254	228	2	65	
254	254	0	0	254	0	254	219	2	66	
254	254	0	0	254	0	254	210	2	67	
254	254	0	0	254	0	254	203	2	68	
254	254	0	0	254	0	254	194	2	69	
254	254	0	0	254	0	254	187	2	70	
254	254	0	0	254	0	254	180	2	72	
254	254	0	0	254	0	254	173	2	73	
254	254	0	0	254	0	254	167	2	74	
254	254	0	0	254	0	254	160	2	75	
254	254	69	0	254	0	254	154	2	76	
254	254	137	0	213	0	254	149	2	77	
254	254	135	0	178	0	254	143	2	78	
254	254	101	0	152	0	254	138	2	79	
254	254	98	0	136	0	254	134	2	80	
254	254	103	0	126	0	0	129	2	81	
254	254	140	0	122	0	0	125	2	82	
254	254	162	0	115	0	0	120	2	83	
254	254	239	0	107	0	0	117	2	84	
254	254	254	0	97	0	0	113	2	85	
254	254	254	0	67	0	0	110	2	86	
254	254	254	0	47	50	0	107	2	87	
254	254	254	0	27	110	0	104	2	88	
254	254	254	0	1	168	0	103	2	89	
254	254	255	0	0	254	0	100	2	90	
217	254	254	0	0	254	0	98	2	91	
165	254	254	0	0	254	0	96	2	92	
116	254	254	0	0	254	0	94	2	93	
70	254	254	1	0	254	0	92	2	94	
26	254	254	66	0	254	0	91	2	95	
0	254	254	182	0	254	0	90	2	96	
0	254	254	237	0	254	0	89	2	97	
0	254	254	254	0	254	0	87	2	98	
0	254	254	254	0	254	0	86	2	99	
0	254	254	254	0	254	0	85	2	100	
0	254	254	254	0	254	0	85	2	101	
0	254	254	254	0	254	0	85	2	102	
0	254	254	254	0	254	0	84	2	103	
0	254	254	254	0	254	0	84	2	104	
0	254	254	254	0	254	0	84	2	106	
0	254	254	254	0	254	0	84	2	107	
0	254	254	254	0	254	0	84	2	108	
0	254	254	254	0	254	0	84	2	109	
0	254	254	254	0	254	0	84	2	110	
0	254	254	254	0	254	0	85	2	111	
0	254	254	254	0	254	0	85	2	112	
0	254	254	254	0	254	0	86	2	113	
0	254	254	254	0	254	0	86	2	114	
0	254	254	254	0	254	0	87	2	115	
0	254	254	254	0	254	0	88	2	116	
0	254	254	254	0	254	0	89	2	117	
0	254	254	254	0	254	0	88	2	118	
0	254	254	254	0	254	0	0	2	119	
0	0	254	254	0	254	0	0	2	121	
0	0	254	254	0	254	0	0	2	122	
0	0	254	254	0	254	0	0	2	123	
0	0	254	254	0	254	0	0	2	124	
0	0	254	254	0	254	0	0	2	125	
0	0	254	254	0	254	0	0	2	126	
0	0	221	254	0	254	0	0	2	127	
0	0	93	254	0	254	0	0	2	128	
0	0	0	254	0	254	0	0	2	129	
0	0	0	254	0	254	0	0	2	130	
0	0	0	254	0	254	0	0	2	131	
0	0	0	254	12	254	0	0	2	132	
0	0	0	254	46	254	0	0	2	133	
0	0	0	254	74	254	6	0	2	134	
0	0	0	254	114	254	64	0	2	135	
0	0	0	254	133	254	120	0	2	136	
0	0	0	254	149	254	173	0	2	137	
0	0	0	254	167	255	223	0	2	138	
8	0	0	254	184	254	254	0	2	140	
51	0	0	254	206	254	254	0	2	141	
93	0	0	254	232	254	254	0	2	142	
132	0	0	254	254	254	254	0	2	143	
169	0	0	217	255	254	255	0	2	144	
205	0	0	171	254	223	254	0	2	145	
254	254	0	127	254	174	254	0	2	146	
254	254	0	85	254	127	254	0	2	147	
254	254	0	46	254	80	254	30	2	148	
254	254	0	10	254	30	254	78	2	149	
254	254	0	0	254	0	254	124	2	150	
254	254	0	0	254	0	254	167	2	151	
254	254	0	0	254	0	254	208	2	152	
254	254	0	0	254	0	254	246	2	153	
254	254	0	0	254	0	254	254	2	155	
254	254	0	0	254	0	254	254	2	156	
254	254	0	0	254	0	254	254	2	157	
254	254	0	0	254	0	254	254	2	158	
254	254	0	0	254	0	254	254	2	159	
254	254	0	0	254	0	254	254	2	160	
254	254	0	0	254	0	254	255	2	161	
254	254	0	0	254	0	254	254	2	162	
254	254	0	0	254	0	254	255	2	163	
254	254	0	0	254	0	254	254	2	164	
254	254	0	0	254	0	254	255	2	165	
254	254	0	0	254	0	254	254	2	166	
254	254	0	0	254	0	254	255	2	167	
254	254	0	0	254	0	254	255	2	168	
254	254	0	0	254	0	254	254	2	169	
254	254	0	0	254	0	254	254	2	170	
254	254	0	0	254	0	254	254	2	171	
254	254	0	0	254	0	254	254	2	172	
254	254	0	0	254	0	254	254	2	173	
254	254	0	0	254	0	254	255	2	174	
254	254	0	0	254	0	254	254	2	175	
254	214	0	0	254	0	254	255	2	176	
254	171	0	0	254	0	254	254	2	177	
254	132	0	0	254	0	254	255	2	178	
254	93	0	0	254	0	254	254	2	179	
254	59	0	0	254	0	254	255	2	180	
254	24	0	0	254	0	254	255	2	181	
254	0	0	0	254	0	254	254	2	182	
254	0	0	0	252	0	254	255	2	183	
254	0	0	0	245	0	254	254	2	184	
254	0	0	0	239	0	254	255	2	185	
254	0	0	0	231	0	254	254	2	186	
254	0	0	0	227	0	254	254	2	187	
254	0	0	0	218	0	254	255	2	189	
254	0	0	0	212	0	254	255	2	190	
254	0	0	0	206	0	254	254	2	191	
254	0	0	0	198	0	254	254	2	192	
254	254	0	0	190	0	254	255	2	193	
254	254	0	0	186	0	254	254	2	194	
254	254	0	0	177	0	254	255	2	195	
254	254	0	0	165	0	254	254	2	196	
254	254	0	0	153	0	254	255	2	197	
254	254	0	0	141	0	254	254	2	198	
254	254	56	0	129	0	254	255	2	199	
254	255	117	0	121	0	254	254	2	200	
254	16	155	0	110	0	254	254	2	201	
254	232	191	0	100	0	254	254	2	202	
254	0	254	0	84	0	254	254	2	203	
254	0	254	0	64	0	254	255	2	204	
254	0	254	0	55	0	254	254	2	205	
254	0	254	0	48	0	254	254	2	206	
254	0	254	0	35	0	254	254	2	207	
254	0	254	0	23	0	254	254	2	208	
254	0	254	0	19	0	254	255	2	209	
254	0	254	0	13	0	224	254	2	210	
254	0	254	0	8	0	161	254	2	211	
254	0	254	0	4	0	44	254	2	212	
254	0	254	0	0	0	0	254	2	213	
254	0	254	0	0	0	0	254	2	214	
254	0	254	0	0	0	0	254	2	215	
254	0	254	0	0	0	0	254	2	216	
254	0	254	0	0	0	0	209	2	217	
254	0	254	0	0	0	0	152	2	218	
254	0	254	0	0	24	0	98	2	219	
254	0	254	0	0	98	0	47	2	220	
205	0	254	0	0	235	0	0	2	221	
147	0	254	0	0	254	0	0	2	223	
93	0	254	0	2	254	0	0	2	224	
41	0	254	0	12	254	0	0	2	225	
0	0	254	0	18	254	0	0	2	226	
0	0	254	0	27	254	0	0	2	227	
0	0	254	0	31	254	0	0	2	228	
0	0	254	0	35	254	0	0	2	229	
0	0	254	0	37	254	0	0	2	230	
0	0	254	0	36	254	0	0	2	231	
0	0	254	0	40	254	0	0	2	232	
0	21	254	0	42	254	0	0	2	233	
0	73	254	0	44	254	0	0	2	234	
0	123	254	0	48	254	0	0	2	235	
0	169	254	0	52	254	0	0	2	236	
0	213	254	0	51	254	0	0	2	237	
0	254	254	0	58	254	0	0	2	238	
0	254	254	0	61	254	0	0	2	239	
0	254	254	0	64	254	0	0	2	240	
0	254	254	14	70	255	0	0	2	241	
0	254	254	88	78	254	0	0	2	242	
0	254	254	157	81	254	0	0	2	243	
0	254	254	221	85	254	0	0	2	244	
0	254	254	254	96	254	0	0	2	245	
0	254	254	254	100	254	0	0	2	246	
0	254	254	254	103	254	0	0	2	247	
0	254	254	254	111	254	0	0	2	248	
0	254	254	254	122	254	0	0	2	249	
0	254	254	254	124	254	0	0	2	250	
0	254	254	254	135	254	0	0	2	251	
0	254	254	254	138	254	0	0	2	252	
0	254	254	254	138	254	0	0	2	253	
0	254	254	254	138	254	0	0	2	254	
0	254	254	254	137	254	0	0	2	255	
0	254	254	254	137	254	0	0	2	1	
0	254	254	254	140	254	0	0	2	2	
0	254	254	254	145	254	0	0	2	3	
0	254	254	254	146	254	0	0	2	4	
0	254	248	254	147	254	0	0	2	5	
0	254	191	254	152	254	0	0	2	6	
0	254	161	254	153	254	0	0	2	7	
0	254	148	254	157	254	0	0	2	8	
0	254	109	254	161	254	0	0	2	9	
0	254	108	254	168	254	0	0	2	10	
0	254	75	254	174	254	0	0	2	11	
0	254	70	254	175	255	0	0	2	12	
0	254	53	254	178	254	0	0	2	13	
0	254	38	254	180	255	0	0	2	14	
0	254	41	254	176	254	0	0	2	16	
0	254	48	254	172	254	0	0	2	17	
0	254	60	254	173	254	0	0	2	18	
0	254	58	254	173	254	0	0	2	19	
0	254	53	254	177	255	0	0	2	20	
0	254	22	254	179	254	0	0	2	21	
0	254	0	254	184	254	0	0	2	22	
0	254	0	254	189	254	0	0	2	23	
0	254	0	254	188	254	19	0	2	24	
0	254	0	254	189	254	60	0	2	25	
0	254	0	254	189	254	151	0	2	26	
0	254	0	254	189	254	167	0	2	27	
0	254	0	254	186	254	238	0	2	28	
0	254	0	254	186	255	254	0	2	29	
0	254	0	254	189	254	255	0	2	30	
0	254	0	254	190	255	254	0	2	31	
0	254	0	254	182	254	254	0	2	32	
0	254	0	254	183	255	254	0	2	33	
0	254	0	254	180	254	254	0	2	35	
0	254	0	254	178	254	254	0	2	36	
0	254	0	254	178	254	254	0	2	37	
0	254	0	254	182	254	254	0	2	38	
0	254	0	254	187	254	254	0	2	39	
0	254	0	254	194	254	254	0	2	40	
0	254	0	254	195	254	254	0	2	41	
0	254	0	254	193	254	254	0	2	42	
0	254	0	254	191	254	254	0	2	43	
0	254	0	254	187	254	254	0	2	44	
0	254	0	254	176	254	237	0	2	45	
0	254	0	254	169	254	190	0	2	46	
0	254	0	254	170	254	221	0	2	47	
0	254	0	254	170	254	254	0	2	48	
0	254	0	254	160	254	254	0	2	50	
0	254	0	254	151	254	254	0	2	51	
0	254	0	254	152	254	254	1	2	52	
0	254	0	254	145	254	254	8	2	53	
0	254	0	254	139	254	254	15	2	54	
0	254	0	254	139	254	254	22	2	55	
0	254	0	254	141	254	254	28	2	56	
0	254	0	254	140	254	254	34	2	57	
0	254	0	254	144	254	254	40	2	58	
0	254	0	254	136	244	254	46	2	59	
0	254	0	254	141	237	254	51	2	60	
5	254	0	254	139	229	254	57	2	61	
13	254	0	254	141	222	254	63	2	62	
20	254	0	254	146	214	254	67	2	63	
27	254	15	254	151	208	254	72	2	64	
33	253	38	254	148	201	254	77	2	65	
40	246	74	254	145	194	254	81	2	66	
46	240	109	254	141	189	254	85	2	67	
50	234	121	254	136	177	254	89	2	68	
56	228	176	254	134	172	254	92	2	69	
61	222	201	254	131	167	254	97	2	70	
67	216	214	254	125	163	254	100	2	71	
71	210	224	254	122	157	254	103	2	72	
76	205	248	254	117	153	213	106	2	73	
81	199	244	254	111	150	173	110	2	74	
85	195	240	254	106	146	180	112	2	75	
89	190	254	254	101	142	198	118	2	76	
92	185	254	254	98	138	239	120	2	77	
96	181	240	254	92	135	254	123	2	78	
101	176	241	254	89	132	254	125	2	79	
103	172	188	254	88	128	254	127	2	80	
105	169	183	254	85	126	254	129	2	81	
109	165	158	252	81	120	254	131	2	82	
113	161	137	244	76	118	254	132	2	84	
115	158	130	236	75	116	254	134	2	85	
117	154	161	229	71	113	254	135	2	86	
120	151	130	221	55	112	220	137	2	87	
123	148	141	214	52	111	190	138	2	88	
127	145	131	208	50	108	174	139	2	89	
127	141	137	200	43	108	134	141	2	90	
130	139	119	194	36	105	252	143	2	91	
131	135	125	188	36	104	249	144	2	92	
134	132	145	182	36	103	218	145	2	93	
135	130	119	177	37	101	210	145	2	94	
136	128	98	171	35	101	173	146	2	95	
136	126	135	166	38	101	152	146	2	96	
139	124	157	161	38	99	95	147	2	97	
139	122	143	156	43	98	125	148	2	98	
140	121	160	152	49	98	138	146	2	99	
140	119	150	148	61	97	150	148	2	100	
142	118	176	143	74	96	144	149	2	101	
142	116	191	140	86	97	197	149	2	102	
143	115	209	137	94	96	182	149	2	103	
144	113	212	133	111	96	190	149	2	104	
144	113	234	130	98	95	254	149	2	105	
145	112	224	127	116	96	254	149	2	106	
144	111	221	124	107	95	194	149	2	107	
145	110	229	122	105	95	152	149	2	108	
145	109	206	117	111	96	161	149	2	109	
145	108	221	115	118	96	73	149	2	110	
146	108	209	113	121	96	97	149	2	111	
145	107	197	111	131	96	71	148	2	112	
145	107	203	108	134	96	167	149	2	113	
145	106	163	107	130	96	209	148	2	114	
146	106	142	106	121	97	254	148	2	115	
146	105	140	104	128	97	254	148	2	116	
145	105	102	103	125	98	254	147	2	118	
145	105	69	102	121	98	254	147	2	119	
144	105	49	101	122	98	254	147	2	120	
145	105	44	100	128	99	229	147	2	121	
144	105	33	99	135	99	178	146	2	122	
143	104	33	98	138	100	144	146	2	123	
143	104	48	98	137	100	103	145	2	124	
143	104	24	96	137	101	157	145	2	125	
142	104	32	96	138	102	74	144	2	126	
142	104	0	96	139	101	109	144	2	127	
142	104	0	95	134	102	93	144	2	128	
142	105	0	95	136	102	198	144	2	129	
141	104	0	95	138	104	254	143	2	130	
141	104	0	95	139	104	244	142	2	131	
140	105	1	95	142	105	254	142	2	133	
140	105	0	94	142	104	254	142	2	134	
139	106	0	95	144	106	254	141	2	135	
139	106	0	95	146	105	254	141	2	136	
139	106	28	95	142	106	254	140	2	137	
138	107	32	95	142	107	254	140	2	138	
138	106	11	95	142	107	254	140	2	139	
138	107	41	95	139	108	254	139	2	140	
137	108	77	96	140	108	254	139	2	141	
136	109	48	96	142	109	254	138	2	142	
136	109	52	96	143	109	254	138	2	143	
135	109	99	97	142	110	254	138	2	144	
135	110	93	97	141	109	254	137	2	145	
134	110	127	97	140	110	254	137	2	146	
134	110	104	98	126	111	254	137	2	147	
134	111	114	97	131	111	203	136	2	148	
133	111	116	99	125	112	205	136	2	149	
133	112	101	100	126	114	193	135	2	150	
132	112	80	100	134	114	154	135	2	152	
132	112	33	100	142	113	165	135	2	153	
131	112	36	101	146	114	241	135	2	154	
132	113	37	101	150	114	247	134	2	155	
131	113	28	102	155	115	235	134	2	156	
130	114	41	102	153	115	254	134	2	157	
130	113	65	103	147	115	254	134	2	158	
130	114	87	103	140	115	254	133	2	159	
129	115	43	104	133	116	254	133	2	160	
130	115	75	105	122	117	254	133	2	161	
129	116	59	105	116	117	219	132	2	162	
129	116	59	105	108	117	144	133	2	163	
128	116	65	107	104	117	137	132	2	164	
127	117	62	107	98	118	158	131	2	165	
127	117	94	107	93	117	136	131	2	167	
127	117	85	109	88	119	122	130	2	168	
128	117	111	108	85	118	121	131	2	169	
127	118	92	109	81	119	114	131	2	170	
126	118	141	109	80	118	87	130	2	171	
127	118	170	110	81	120	103	130	2	172	
126	118	204	110	79	119	32	130	2	173	
127	119	228	111	76	119	4	130	2	174	
127	119	243	111	73	120	2	130	2	175	
126	120	254	111	69	120	0	130	2	176	
125	119	243	112	65	120	0	130	2	177	
126	120	254	112	60	120	0	130	2	178	
126	120	230	113	57	120	0	130	2	179	
125	120	224	113	56	121	0	129	2	180	
125	120	180	113	56	120	0	129	2	181	
125	121	194	113	58	120	0	129	2	182	
125	121	132	115	60	122	0	129	2	183	
125	121	144	115	61	121	0	129	2	184	
124	121	142	115	64	121	0	129	2	185	
124	122	136	116	66	122	0	129	2	186	
124	122	122	116	67	121	0	128	2	187	
125	122	142	116	70	122	82	128	2	188	
124	122	118	116	73	121	133	128	2	189	
124	122	131	116	73	121	150	128	2	190	
123	122	147	116	74	122	252	128	2	191	
124	122	128	117	70	122	167	128	2	192	
124	123	134	117	69	122	154	128	2	193	
124	123	194	118	64	122	80	128	2	194	
124	123	187	119	63	122	51	128	2	195	
124	123	225	118	59	122	0	128	2	196	
124	123	219	119	60	123	0	128	2	197	
123	123	230	119	59	121	0	128	2	198	
124	123	224	119	61	122	0	128	2	199	
123	123	207	119	64	122	0	128	2	201	
123	123	181	120	65	121	0	128	2	202	
124	124	181	120	68	122	0	128	2	203	
124	124	162	120	72	121	0	127	2	204	
123	124	112	120	73	123	0	127	2	205	
122	124	126	120	76	122	0	127	2	206	
121	123	105	121	80	123	0	127	2	207	
122	124	105	121	85	122	0	127	2	208	
123	124	92	121	90	122	0	127	2	209	
122	125	129	121	96	123	0	127	2	210	
122	124	108	122	103	122	0	127	2	211	
122	125	121	121	108	123	0	127	2	212	
123	124	51	122	116	122	0	127	2	213	
122	125	69	122	118	123	0	127	2	214	
123	125	68	122	121	122	12	127	2	215	
122	125	73	122	133	122	39	125	2	216	
121	125	69	122	138	122	39	127	2	217	
121	125	113	122	144	122	15	127	2	218	
123	125	129	122	151	122	76	127	2	219	
120	125	146	123	158	123	65	127	2	220	
122	124	121	123	163	122	137	127	2	221	
123	124	141	123	165	121	176	127	2	222	
121	124	127	123	169	122	238	127	2	223	
121	124	104	123	170	122	254	127	2	224	
122	124	86	123	168	123	254	127	2	225	
121	124	36	122	162	123	254	128	2	226	
122	124	69	123	163	123	254	127	2	227	
121	124	38	123	160	122	254	127	2	228	
122	124	3	123	157	121	254	128	2	229	
122	124	27	122	164	122	254	128	2	230	
122	124	73	123	170	122	254	128	2	231	
122	125	55	123	176	122	254	128	2	232	
122	124	87	123	179	122	254	127	2	233	
123	124	105	123	181	122	254	127	2	235	
121	124	153	123	178	122	254	128	2	236	
122	124	156	123	177	121	254	127	2	237	
120	125	148	123	175	122	254	127	2	238	
123	124	179	123	172	122	254	128	2	239	
122	125	143	123	169	122	254	127	2	240	
122	124	192	123	169	122	200	127	2	241	
123	125	154	122	168	123	63	127	2	242	
122	125	151	123	166	123	77	127	2	243	
122	125	145	123	162	122	58	127	2	244	
121	125	137	123	157	122	37	128	2	245	
121	125	155	123	157	123	37	128	2	246	
123	125	140	123	158	124	0	127	2	247	
122	125	105	123	153	122	0	127	2	248	
123	125	132	124	154	123	0	127	2	250	
120	125	151	123	156	122	0	127	2	251	
122	125	135	123	157	123	0	128	2	252	
122	125	145	124	154	122	0	127	2	253	
121	125	110	123	150	123	0	127	2	254	
121	125	118	123	148	123	0	127	2	255	
123	124	142	123	147	123	0	127	2	0	
121	125	138	123	142	122	0	128	2	1	
121	125	173	123	145	123	0	127	2	2	
122	125	204	123	144	123	0	127	2	3	
121	126	201	123	140	123	28	127	2	4	
122	125	217	123	129	123	0	127	2	5	
123	125	171	123	137	123	0	128	2	6	
122	125	174	123	135	123	0	128	2	7	
121	125	144	123	134	123	0	128	2	8	
122	124	124	122	143	123	0	128	2	9	
121	125	151	123	149	123	0	128	2	10	
122	125	122	123	149	122	0	127	2	11	
123	124	177	123	149	123	0	128	2	13	
121	125	227	123	149	122	0	127	2	14	
122	125	249	123	145	123	0	127	2	15	
123	124	254	123	144	122	0	128	2	16	
122	125	254	123	144	123	0	128	2	17	
122	125	254	123	141	122	0	128	2	18	
121	124	254	123	134	123	0	128	2	19	
122	124	254	123	132	123	0	128	2	20	
122	124	254	123	127	123	0	128	2	21	
122	124	231	123	121	124	0	128	2	22	
122	125	254	123	122	123	0	128	2	23	
122	124	226	122	118	123	0	128	2	24	
123	125	181	123	119	123	0	128	2	25	
122	124	171	123	117	123	0	128	2	26	
123	124	180	122	123	123	0	128	2	28	
121	124	156	123	125	124	0	128	2	29	
122	124	227	122	118	123	0	128	2	30	
123	124	193	122	119	123	0	128	2	31	
122	125	214	122	114	122	0	127	2	32	
122	125	195	122	112	124	39	128	2	33	
123	125	158	122	105	124	104	128	2	34	
123	124	157	123	105	124	148	127	2	35	
122	125	165	122	111	123	181	128	2	36	
121	125	111	123	105	123	226	128	2	37	
122	125	119	123	117	122	195	128	2	38	
121	125	111	123	128	123	167	128	2	39	
121	125	97	123	130	123	174	128	2	40	
122	125	120	123	138	123	186	128	2	41	
121	125	106	123	141	124	174	127	2	42	
122	125	70	122	145	123	223	128	2	43	
121	124	74	123	136	123	225	128	2	44	
122	125	57	123	131	123	254	128	2	45	
123	124	42	123	127	122	254	127	2	46	
122	124	0	123	123	123	254	128	2	47	
122	124	0	123	125	125	254	127	2	48	
124	124	0	123	125	254	254	127	2	49	
123	124	0	123	126	255	254	128	2	50	
123	124	0	123	124	254	254	127	2	51	
122	124	0	122	127	254	254	128	2	52	
123	123	0	122	134	255	254	128	2	53	
124	124	0	122	136	254	254	129	2	54	
122	124	0	122	144	254	254	128	2	55	
124	123	0	122	153	255	254	128	2	56	
123	124	1	121	162	254	245	129	2	57	
124	123	0	122	174	254	255	129	2	58	
123	123	0	122	180	254	254	128	2	59	
123	123	0	122	180	98	254	127	2	60	
123	123	0	123	182	0	254	128	2	62	
123	124	0	123	184	0	254	128	2	63	
123	124	0	123	180	0	254	127	2	64	
121	124	0	123	183	0	254	127	2	65	
121	124	0	123	181	0	254	128	2	66	
121	124	0	123	186	0	254	127	2	67	
121	124	0	123	187	0	254	128	2	68	
121	124	41	123	194	0	254	127	2	69	
122	124	73	123	197	0	254	127	2	70	
121	125	100	123	199	0	254	127	2	71	
122	125	88	123	201	0	254	127	2	72	
121	125	120	123	204	0	254	127	2	73	
122	125	109	123	204	0	254	128	2	74	
122	125	131	123	201	0	254	127	2	75	
123	125	125	123	199	0	254	127	2	76	
122	125	122	123	198	0	254	127	2	77	
123	124	136	123	196	0	254	127	2	78	
122	125	143	123	194	0	254	127	2	79	
122	125	144	123	197	0	254	127	2	80	
122	125	179	124	194	0	254	127	2	81	
123	125	171	124	191	0	254	127	2	82	
120	125	181	123	189	0	254	127	2	83	
121	125	176	123	180	0	254	127	2	84	
121	125	194	123	176	0	254	127	2	85	
122	125	194	123	170	0	254	128	2	86	
121	125	200	123	162	0	226	127	2	87	
120	125	192	123	160	0	112	127	2	88	
122	125	200	123	159	0	43	127	2	89	
121	125	194	123	157	0	0	127	2	90	
121	125	152	122	157	0	0	127	2	91	
121	125	154	123	158	0	0	127	2	92	
122	125	156	123	157	0	0	128	2	93	
121	125	147	123	153	0	0	127	2	94	
121	125	141	123	148	0	0	127	2	96	
121	125	138	123	141	0	33	127	2	97	
123	125	172	123	135	0	0	127	2	98	
121	125	175	123	130	0	0	127	2	99	
121	125	193	123	125	0	0	127	2	100	
120	125	213	123	121	10	0	127	2	101	
121	124	233	123	117	27	0	127	2	102	
121	125	239	123	114	43	0	127	2	103	
122	125	236	123	112	59	0	127	2	104	
120	125	235	123	107	73	0	127	2	105	
121	125	215	123	104	87	0	127	2	106	
121	125	236	123	102	99	0	127	2	107	
121	125	254	123	98	113	0	127	2	108	
120	125	213	123	94	123	0	127	2	109	
121	125	217	123	91	135	0	127	2	111	
121	125	205	122	85	145	0	127	2	112	
123	125	190	123	81	155	0	127	2	113	
121	125	158	123	77	164	0	127	2	114	
121	125	135	123	72	172	0	127	2	115	
121	125	79	123	70	179	0	127	2	116	
123	125	81	123	67	187	0	127	2	117	
121	125	18	123	66	193	0	127	2	118	
121	125	22	123	66	200	0	128	2	119	
121	125	28	123	71	206	0	128	2	120	
120	125	27	123	71	211	0	127	2	121	
121	125	0	122	72	216	0	128	2	122	
120	125	18	122	71	221	0	128	2	123	
122	125	42	122	70	226	0	128	2	124	
120	125	13	122	67	229	0	127	2	125	
122	124	35	122	58	232	0	128	2	126	
120	125	67	123	53	234	0	127	2	127	
120	125	74	123	51	238	0	127	2	128	
123	124	99	123	46	241	0	127	2	130	
121	125	128	123	44	243	0	127	2	131	
121	125	129	123	45	245	0	127	2	132	
122	125	175	123	47	244	0	126	2	133	
122	125	190	124	49	245	35	127	2	134	
121	125	212	123	52	247	202	127	2	135	
122	125	212	123	57	247	254	126	2	136	
121	124	203	123	62	246	254	127	2	137	
121	125	197	123	62	247	254	127	2	138	
121	125	185	123	65	246	254	127	2	139	
121	125	151	123	68	246	254	127	2	140	
121	125	156	123	67	245	234	127	2	141	
120	125	169	122	62	244	147	127	2	142	
121	125	159	123	64	243	116	127	2	143	
121	125	170	123	61	242	38	127	2	145	
121	125	155	124	58	241	0	127	2	146	
122	125	179	124	56	240	0	127	2	147	
120	125	180	124	54	239	0	127	2	148	
122	125	177	123	59	236	0	127	2	149	
120	125	137	123	63	234	0	127	2	150	
122	125	168	123	62	233	0	127	2	151	
121	125	159	123	64	231	0	127	2	152	
121	125	169	124	67	230	0	127	2	153	
122	124	169	123	73	228	0	127	2	154	
120	124	205	124	71	225	0	127	2	155	
121	124	205	124	74	223	0	127	2	156	
121	124	183	122	80	222	0	127	2	157	
122	124	186	124	86	221	0	127	2	158	
121	124	171	124	88	254	0	127	2	159	
121	125	151	124	93	254	0	127	2	160	
122	125	137	123	107	254	0	127	2	161	
121	124	137	123	117	254	0	127	2	162	
122	124	104	124	123	254	0	127	2	163	
120	125	68	123	135	254	78	127	2	164	
121	124	52	123	150	254	185	127	2	165	
122	124	60	123	151	254	254	127	2	166	
122	125	80	123	156	254	254	127	2	167	
122	124	82	123	162	254	254	128	2	168	
122	125	70	123	158	255	254	127	2	169	
122	124	76	123	155	254	254	127	2	170	
122	124	64	123	151	254	254	127	2	171	
122	125	81	123	156	255	254	127	2	172	
123	125	62	124	152	254	254	127	2	173	
122	125	25	123	146	254	254	127	2	174	
121	125	60	122	155	255	254	127	2	175	
121	125	34	123	150	255	254	127	2	176	
121	125	19	123	149	255	254	127	2	177	
120	125	11	123	148	254	254	127	2	179	
121	125	8	125	154	254	254	127	2	180	
122	125	24	123	140	254	254	127	2	181	
122	125	47	123	154	255	254	126	2	182	
121	125	76	124	147	254	254	127	2	183	
29	125	100	123	145	254	254	127	2	184	
0	124	136	124	143	254	254	127	2	185	
0	125	172	124	142	254	254	127	2	186	
0	125	195	124	142	236	254	127	2	187	
0	126	222	124	144	186	254	127	2	188	
0	126	207	124	140	137	254	126	2	189	
0	125	216	124	139	93	254	127	2	190	
0	126	211	124	141	49	254	127	2	191	
0	126	183	124	140	9	254	126	2	192	
0	125	191	124	137	0	254	126	2	193	
0	126	144	123	128	0	254	127	2	194	
0	125	170	124	123	0	243	126	2	195	
0	125	155	124	117	0	244	127	2	196	
0	126	164	124	112	0	189	126	2	197	
0	126	162	124	109	0	104	127	2	198	
0	126	199	124	106	0	30	126	2	199	
0	125	211	124	104	0	0	126	2	200	
0	126	207	124	102	0	0	126	2	201	
0	125	207	124	101	0	0	127	2	202	
0	125	204	124	102	0	0	127	2	203	
0	125	217	124	100	0	0	127	2	204	
0	125	212	124	101	0	0	126	2	205	
0	125	202	124	101	0	0	127	2	206	
0	125	185	124	102	0	0	127	2	207	
0	125	191	123	105	0	0	127	2	208	
0	125	137	124	109	0	0	127	2	209	
0	125	103	125	117	0	0	127	2	210	
0	125	108	254	121	0	0	127	2	211	
0	125	92	254	127	0	0	127	2	213	
0	125	93	254	132	0	0	127	2	214	
0	125	113	254	132	0	0	127	2	215	
25	125	145	254	134	0	67	127	2	216	
107	125	114	254	136	0	133	127	2	217	
144	125	148	254	127	0	201	127	2	218	
181	124	189	254	129	0	210	127	2	219	
214	125	186	254	129	0	219	127	2	220	
247	125	205	254	132	0	217	127	2	221	
254	125	206	254	130	0	251	127	2	222	
254	125	213	254	127	0	254	128	2	223	
254	125	162	254	121	0	254	128	2	224	
254	125	213	254	119	0	254	127	2	225	
254	125	153	254	117	0	254	127	2	226	
254	125	170	254	110	0	254	127	2	227	
254	125	254	254	104	0	254	127	2	228	
254	125	254	254	113	0	254	127	2	229	
254	125	254	254	26	0	254	0	2	230	
254	125	254	254	5	0	0	0	2	231	
254	125	254	254	22	0	0	0	2	232	
254	124	254	254	0	0	0	0	2	233	
254	125	88	254	0	0	0	0	2	234	
254	125	0	254	0	0	0	0	2	235	
254	125	0	254	29	0	0	0	2	236	
254	125	0	254	88	0	0	0	2	237	
254	125	0	254	129	0	0	0	2	238	
254	125	0	254	175	0	0	0	2	239	
254	125	0	254	207	0	0	0	2	240	
254	125	0	254	223	0	0	0	2	241	
254	125	0	218	238	0	0	0	2	242	
254	125	27	169	230	0	0	0	2	243	
254	125	40	123	224	0	0	0	2	244	
254	125	53	80	216	0	249	0	2	245	
254	125	86	39	208	0	254	0	2	247	
254	125	139	0	195	0	254	0	2	248	
254	124	139	0	185	0	254	0	2	249	
254	125	157	0	177	0	254	0	2	250	
254	125	189	0	170	0	254	0	2	251	
254	125	186	0	166	0	254	0	2	252	
254	125	191	0	161	0	254	0	2	253	
254	125	203	0	158	0	254	0	2	254	
254	126	191	0	157	0	254	0	2	255	
254	126	223	0	152	0	254	0	2	0	
254	126	220	0	148	0	254	0	2	1	
254	126	234	0	146	0	254	35	2	2	
254	126	254	0	143	0	254	79	2	3	
254	126	254	0	130	0	254	121	2	4	
254	126	254	0	126	0	254	160	2	6	
254	126	254	0	119	0	254	197	2	7	
254	126	254	0	103	0	254	231	2	8	
254	126	254	0	81	0	254	254	2	9	
254	126	254	0	64	0	254	254	2	10	
254	126	254	0	39	0	254	254	2	11	
254	125	254	0	16	0	254	254	2	12	
254	126	254	0	0	0	254	254	2	13	
254	126	254	0	0	0	165	254	2	14	
254	127	254	0	0	0	65	254	2	15	
254	126	254	0	0	0	0	254	2	16	
254	126	254	0	0	0	0	254	2	17	
254	126	254	0	0	0	0	254	2	18	
254	128	254	0	0	0	0	254	2	19	
254	254	254	0	0	0	0	254	2	20	
254	254	254	0	0	0	0	254	2	21	
254	254	254	0	5	2	0	254	2	22	
254	254	177	0	22	14	0	254	2	23	
254	254	0	0	43	20	0	254	2	25	
254	254	0	0	67	26	0	254	2	26	
254	254	0	0	80	31	0	254	2	27	
254	254	0	0	97	37	0	254	2	28	
254	254	0	0	116	42	0	254	2	29	
255	254	0	0	134	47	0	254	2	30	
254	254	0	0	145	52	0	254	2	31	
254	254	0	0	165	57	0	254	2	32	
254	254	0	0	188	62	32	254	2	33	
254	254	0	0	206	67	92	255	2	34	
254	254	0	0	228	71	158	254	2	35	
254	254	0	0	254	75	191	255	2	36	
254	254	0	0	254	79	254	254	2	37	
254	254	0	0	254	86	254	254	2	38	
254	254	0	0	254	90	254	255	2	40	
254	254	0	0	254	93	254	255	2	41	
254	254	0	0	254	96	254	254	2	42	
254	254	0	0	254	100	254	254	2	43	
254	254	0	0	254	102	254	254	2	44	
254	254	0	0	254	105	254	254	2	45	
254	254	0	0	254	108	254	254	2	46	
254	254	0	0	254	110	254	254	2	47	
254	254	0	0	254	112	254	254	2	48	
254	215	0	0	254	115	254	254	2	49	
252	168	0	0	254	117	254	254	2	50	
247	125	0	0	254	119	254	255	2	51	
240	0	0	0	254	120	254	254	2	52	
236	66	0	0	254	122	254	255	2	53	
229	0	0	0	254	124	254	255	2	54	
223	0	0	0	254	126	254	255	2	55	
217	0	0	0	254	127	254	255	2	56	
212	0	0	0	254	130	254	254	2	57	
207	0	53	0	254	131	254	255	2	58	
254	0	144	0	254	132	254	254	2	59	
254	0	207	0	226	0	254	254	2	60	
254	0	244	0	198	0	254	255	2	61	
254	0	254	0	173	0	254	254	2	62	
254	0	254	0	149	0	254	254	2	63	
254	0	254	0	131	0	254	255	2	64	
254	0	254	0	116	0	254	254	2	65	
254	0	254	0	104	0	254	254	2	66	
254	0	254	0	94	0	254	254	2	67	
254	0	254	0	86	0	254	255	2	68	
254	0	254	0	74	0	254	254	2	69	
254	0	254	0	74	0	254	255	2	70	
254	0	254	0	60	0	254	255	2	71	
254	59	254	0	57	0	254	255	2	72	
254	254	254	0	50	0	254	254	2	74	
254	254	254	0	42	0	254	254	2	75	
254	254	254	0	35	0	249	254	2	76	
254	254	254	0	26	0	238	255	2	77	
254	254	254	3	17	0	164	254	2	78	
254	254	254	10	10	0	144	254	2	79	
254	254	254	16	3	0	78	254	2	80	
254	254	254	22	0	0	28	254	2	81	
254	254	254	28	0	0	0	254	2	82	
254	255	254	33	0	0	0	216	2	83	
254	254	254	39	0	0	0	156	2	84	
254	255	254	45	0	0	0	100	2	85	
254	254	254	49	0	0	0	45	2	86	
254	254	254	54	0	0	0	0	2	87	
254	255	254	59	0	0	0	0	2	88	
254	254	254	64	0	47	0	0	2	89	
254	254	254	68	0	185	0	0	2	90	
217	254	254	73	0	249	0	0	2	91	
159	254	254	76	0	254	254	0	2	92	
103	254	254	80	0	254	0	0	2	93	
51	254	254	84	0	254	254	0	2	94	
1	254	254	88	0	254	254	0	2	95	
0	254	254	91	0	254	254	0	2	96	
0	254	254	94	0	254	254	0	2	97	
0	254	254	97	0	254	254	0	2	98	
0	254	254	103	0	254	254	0	2	99	
0	254	254	106	0	254	254	0	2	100	
0	254	254	108	0	254	254	0	2	101	
0	250	254	111	0	254	254	0	2	102	
0	221	254	114	0	254	254	0	2	103	
0	193	254	115	2	254	254	0	2	104	
0	165	254	117	6	254	254	0	2	105	
0	141	254	119	12	254	254	0	2	106	
0	0	254	121	19	254	0	0	2	108	
0	0	254	123	22	254	0	0	2	109	
0	0	254	124	31	254	0	0	2	110	
0	0	254	126	38	254	0	0	2	111	
0	0	254	127	41	254	0	0	2	112	
0	0	254	129	46	254	0	0	2	113	
0	0	254	130	48	254	0	0	2	114	
0	0	254	131	49	254	0	0	2	115	
0	0	254	132	48	254	0	0	2	116	
0	0	254	0	51	254	0	0	2	117	
0	0	254	0	51	254	0	0	2	118	
0	0	254	0	53	254	0	0	2	119	
0	0	254	0	54	254	0	0	2	120	
0	0	254	0	58	254	0	0	2	121	
0	0	254	0	60	254	0	0	2	123	
0	0	254	0	62	254	0	0	2	124	
0	0	254	0	64	254	0	0	2	125	
0	0	254	0	66	254	0	0	2	126	
0	0	231	0	67	254	0	0	2	127	
0	0	212	0	72	254	0	0	2	128	
0	0	204	0	70	254	0	0	2	129	
0	0	173	0	73	254	0	0	2	130	
0	0	144	0	79	254	0	0	2	131	
0	0	158	0	79	254	0	0	2	132	
0	0	146	0	83	254	0	0	2	133	
0	0	145	0	87	254	0	0	2	134	
0	0	165	0	95	254	0	0	2	135	
0	0	146	0	101	254	0	0	2	136	
0	0	183	0	108	254	0	0	2	137	
0	0	191	0	119	254	0	0	2	138	
0	0	169	0	123	254	0	0	2	139	
0	0	195	0	124	254	0	0	2	140	
0	0	219	0	128	254	0	0	2	142	
0	33	218	0	130	254	16	0	2	143	
0	85	249	0	129	254	58	0	2	144	
0	134	254	0	131	254	114	0	2	145	
0	183	254	58	131	254	69	0	2	146	
0	227	254	132	129	254	107	0	2	147	
0	254	254	202	126	255	45	0	2	148	
0	254	254	254	122	254	2	0	2	149	
0	254	254	254	119	254	11	0	2	150	
0	254	254	254	116	254	0	0	2	151	
0	254	254	254	109	254	0	0	2	152	
0	254	254	254	105	254	0	0	2	153	
0	254	254	254	104	254	0	0	2	154	
0	254	254	254	93	254	0	0	2	155	
0	254	254	254	91	254	0	0	2	157	
0	254	254	254	88	254	0	0	2	158	
0	254	254	254	82	255	0	0	2	159	
0	254	254	254	78	254	0	0	2	160	
0	254	254	254	68	254	0	0	2	161	
0	254	254	254	56	254	0	0	2	162	
0	254	254	254	45	254	0	0	2	163	
0	254	254	254	31	254	0	0	2	164	
0	254	254	254	20	254	0	0	2	165	
0	254	254	254	9	254	0	0	2	166	
0	254	254	254	2	254	0	0	2	167	
0	254	254	254	2	254	0	0	2	168	
0	254	255	254	2	254	0	0	2	169	
0	254	254	254	6	254	0	0	2	170	
0	254	254	254	8	254	0	0	2	171	
0	254	254	254	13	254	0	0	2	172	
0	254	249	254	20	254	0	0	2	173	
0	254	193	254	25	254	0	0	2	174	
0	254	87	254	29	254	0	0	2	175	
0	254	27	254	37	254	0	3	2	176	
0	254	0	254	46	254	0	10	2	177	
0	254	0	254	58	254	0	17	2	178	
0	254	0	254	71	254	0	24	2	179	
0	254	0	254	82	255	0	30	2	180	
10	254	0	254	95	254	0	37	2	181	
62	254	0	254	108	254	0	43	2	182	
112	254	0	254	122	254	0	55	2	183	
159	254	0	254	134	254	47	60	2	184	
203	254	0	254	148	254	156	66	2	185	
246	254	0	254	158	254	228	70	2	186	
254	254	0	254	177	225	254	76	2	187	
254	254	0	254	181	105	254	79	2	188	
254	254	0	229	188	49	254	0	2	189	
254	254	0	190	191	0	254	0	2	191	
254	254	0	153	192	0	254	0	2	192	
254	254	0	118	197	0	254	0	2	193	
254	254	0	84	201	0	254	0	2	194	
254	254	0	53	206	0	254	0	2	195	
254	254	0	23	217	0	254	0	2	196	
254	254	0	0	225	0	254	0	2	197	
254	254	0	0	233	0	254	0	2	198	
254	254	0	0	242	0	254	0	2	199	
254	254	0	0	248	0	254	0	2	200	
254	254	0	0	253	0	254	0	2	201	
254	254	0	0	254	0	254	0	2	202	
254	254	0	0	254	0	254	0	2	203	
254	254	0	0	254	0	254	0	2	204	
254	254	0	0	254	0	254	0	2	205	
254	254	0	0	254	0	254	0	2	206	
254	254	0	0	254	0	254	0	2	207	
254	254	0	0	254	0	254	0	2	208	
254	254	0	0	254	0	254	0	2	209	
254	254	0	0	254	0	254	0	2	210	
254	254	0	0	254	0	254	0	2	211	
254	221	0	0	254	0	254	0	2	212	
254	166	0	0	254	0	254	0	2	213	
254	114	0	0	254	0	254	0	2	214	
254	65	0	0	254	0	254	0	2	215	
254	20	0	0	254	0	254	1	2	216	
254	0	0	0	254	0	254	60	2	217	
254	0	0	0	249	0	254	116	2	218	
254	0	0	0	248	0	254	168	2	219	
254	0	0	0	248	0	254	218	2	220	
254	0	0	0	250	0	254	254	2	221	
254	0	0	0	251	0	254	254	2	222	
254	0	0	0	253	0	254	254	2	223	
254	0	0	0	252	0	254	255	2	225	
254	0	0	0	250	0	254	254	2	226	
254	0	0	0	247	0	254	254	2	227	
254	0	0	0	246	0	254	254	2	228	
254	0	0	0	244	0	254	254	2	229	
254	0	0	0	244	0	254	254	2	230	
254	0	0	0	245	0	254	254	2	231	
254	0	0	0	244	0	254	254	2	232	
254	0	0	0	246	0	254	254	2	233	
254	0	0	0	245	0	254	255	2	234	
254	0	0	0	245	0	254	255	2	235	
254	0	0	0	245	0	254	254	2	236	
254	0	0	0	244	0	254	255	2	237	
254	0	0	0	242	0	254	254	2	238	
254	0	0	0	241	0	254	254	2	240	
254	0	0	0	236	0	254	254	2	241	
254	0	0	0	230	0	254	255	2	242	
254	0	0	0	225	0	254	254	2	243	
254	0	10	0	220	0	254	254	2	244	
254	0	38	0	215	0	254	255	2	245	
254	0	79	0	210	0	254	255	2	246	
254	0	115	0	207	0	254	254	2	247	
254	0	164	0	202	0	254	254	2	248	
254	0	216	0	193	0	254	254	2	249	
254	0	254	0	187	0	254	254	2	250	
254	0	254	0	179	0	254	255	2	251	
254	0	254	0	168	0	254	254	2	252	
254	0	254	0	161	0	254	255	2	253	
254	0	254	0	149	0	254	255	2	254	
254	0	254	0	144	0	254	254	2	255	
254	0	254	0	128	0	227	254	2	0	
254	0	254	0	122	0	233	254	2	1	
254	0	254	0	117	0	204	254	2	3	
254	0	254	0	107	0	189	254	2	4	
254	0	254	0	100	0	161	254	2	5	
254	0	254	0	98	0	93	254	2	6	
254	0	254	0	89	0	79	254	2	7	
254	0	254	0	87	0	59	254	2	8	
254	0	254	0	85	0	9	254	2	9	
254	0	254	0	83	0	0	218	2	10	
254	0	254	0	82	0	0	176	2	11	
254	0	254	4	81	0	32	138	2	12	
254	0	254	11	77	0	0	101	2	13	
254	0	254	18	77	0	0	67	2	14	
254	0	254	25	75	0	0	34	2	15	
254	0	254	31	73	0	0	3	2	16	
254	0	254	38	73	0	0	0	2	18	
254	0	254	43	71	0	0	0	2	19	
254	0	254	50	70	0	0	0	2	20	
254	0	254	56	73	0	0	0	2	21	
254	0	254	61	75	0	0	0	2	22	
254	0	248	67	77	0	0	0	2	23	
254	0	215	71	80	0	0	0	2	24	
254	0	229	76	86	0	0	0	2	25	
254	0	216	81	93	0	0	0	2	26	
249	0	216	85	97	0	0	0	2	27	
242	0	205	89	104	0	0	0	2	28	
235	0	228	97	109	0	0	0	2	29	
229	0	228	101	111	0	0	0	2	30	
222	0	249	104	112	0	0	0	2	31	
216	0	254	108	113	6	0	0	2	32	
210	0	254	112	112	13	0	0	2	33	
204	0	254	114	110	21	0	0	2	34	
198	0	254	117	105	33	0	0	2	35	
193	0	254	119	99	40	0	0	2	36	
188	0	247	122	95	46	29	0	2	37	
183	0	254	124	92	52	29	0	2	38	
179	0	230	127	90	58	56	0	2	39	
174	0	227	129	86	63	109	0	2	40	
166	0	176	131	87	68	114	0	2	41	
162	0	189	133	88	73	123	0	2	42	
158	0	158	136	89	78	127	0	2	43	
154	0	142	138	89	82	146	0	2	44	
151	0	157	139	89	86	92	0	2	45	
147	0	151	141	91	90	50	0	2	46	
144	0	177	142	94	95	17	0	2	47	
141	0	207	143	97	98	44	0	2	48	
138	1	210	144	104	104	20	0	2	49	
135	7	215	145	107	108	37	0	2	50	
132	13	240	146	109	111	69	0	2	52	
131	20	254	147	111	115	105	0	2	53	
127	26	254	147	113	118	139	0	2	54	
126	32	254	148	114	120	170	0	2	55	
121	38	254	148	113	123	202	0	2	56	
120	44	254	149	111	124	236	0	2	57	
118	50	247	149	108	125	254	0	2	58	
116	53	254	150	105	129	254	0	2	59	
115	63	247	150	105	132	254	0	2	60	
113	68	221	150	103	133	254	0	2	61	
112	72	241	150	101	135	254	0	2	62	
112	76	221	152	99	136	254	0	2	63	
109	80	251	151	97	138	254	0	2	64	
110	85	238	151	96	139	250	0	2	65	
107	87	253	151	95	140	250	0	2	66	
109	91	254	152	98	141	198	0	2	67	
105	94	250	151	100	145	235	0	2	68	
105	97	252	151	100	145	241	0	2	69	
104	98	254	151	97	146	215	0	2	70	
104	100	254	150	92	147	227	0	2	71	
103	103	254	151	84	147	217	0	2	72	
103	104	254	150	76	148	237	0	2	73	
102	102	254	150	70	149	240	0	2	74	
102	101	254	150	71	148	254	0	2	75	
101	91	254	150	71	149	254	0	2	76	
101	0	254	150	76	150	254	0	2	77	
101	0	254	150	83	150	254	0	2	78	
101	0	254	149	91	149	254	0	2	79	
101	0	254	149	102	150	218	0	2	80	
101	0	254	149	112	150	181	0	2	81	
101	0	254	149	131	151	128	0	2	82	
101	13	236	147	144	151	125	0	2	83	
101	0	248	147	154	151	59	0	2	84	
103	0	220	146	166	151	98	0	2	86	
101	0	254	146	179	151	99	0	2	87	
100	2	254	146	193	151	150	0	2	88	
101	11	254	145	206	151	165	0	2	89	
101	17	254	145	219	150	203	0	2	90	
102	23	254	145	231	150	154	0	2	91	
102	30	254	144	241	149	132	0	2	92	
102	35	254	144	246	148	78	9	2	93	
102	46	254	143	253	149	6	15	2	94	
102	51	254	143	254	149	0	21	2	95	
102	56	254	142	254	149	0	26	2	96	
103	61	254	142	254	148	0	32	2	97	
104	66	254	142	254	148	0	37	2	98	
106	70	254	141	254	147	0	42	2	99	
104	75	254	141	254	147	0	47	2	101	
104	79	254	141	254	147	0	52	2	102	
104	83	254	140	254	146	0	56	2	103	
105	87	254	140	254	146	0	60	2	104	
106	90	254	139	254	146	4	65	2	105	
107	94	138	139	234	145	26	69	2	106	
106	98	0	139	217	145	0	73	2	107	
107	101	0	138	197	144	0	76	2	108	
107	104	0	138	176	144	0	80	2	109	
108	107	0	137	156	144	0	84	2	110	
108	109	0	137	156	144	15	87	2	111	
108	114	0	138	207	143	32	94	2	112	
110	116	16	136	195	143	254	97	2	113	
108	119	254	136	208	142	254	99	2	114	
111	121	254	136	225	142	254	102	2	115	
110	123	254	137	216	141	254	105	2	116	
110	125	254	135	131	141	254	107	2	117	
110	127	254	134	79	140	254	109	2	118	
112	129	254	134	36	140	254	112	2	120	
111	130	254	134	3	140	254	114	2	121	
111	132	254	134	0	140	0	116	2	122	
110	134	254	134	0	139	0	118	2	123	
112	135	254	133	0	138	0	120	2	124	
112	137	254	133	0	139	0	122	2	125	
112	138	254	133	0	139	0	124	2	126	
112	140	254	133	0	138	0	127	2	127	
112	140	254	133	0	138	0	128	2	128	
113	142	254	132	0	138	0	129	2	129	
112	143	254	132	0	137	0	131	2	130	
112	144	254	132	0	137	0	132	2	131	
113	145	254	133	0	137	0	133	2	132	
113	145	254	132	0	137	0	134	2	133	
114	146	212	132	0	136	0	135	2	135	
114	147	133	132	0	136	0	136	2	136	
114	147	79	131	0	135	0	137	2	137	
114	147	12	132	0	135	0	138	2	138	
114	148	0	131	0	135	0	138	2	139	
115	148	0	131	0	135	0	139	2	140	
115	148	0	131	2	135	0	139	2	141	
116	149	0	131	11	134	0	140	2	142	
115	149	0	131	21	134	0	140	2	143	
117	149	0	131	32	134	0	140	2	144	
116	148	0	131	43	134	0	141	2	145	
116	149	0	131	57	134	0	141	2	146	
118	149	0	131	69	133	0	142	2	147	
118	149	0	130	79	133	0	141	2	148	
119	149	0	130	94	133	0	142	2	149	
119	149	0	130	103	133	45	142	2	150	
118	148	0	131	113	133	121	142	2	151	
116	148	0	130	132	132	155	142	2	152	
118	148	0	130	147	132	208	142	2	153	
118	148	0	130	159	132	254	142	2	154	
118	148	0	129	170	132	254	142	2	155	
116	148	0	130	182	132	254	142	2	156	
118	147	0	130	195	132	254	142	2	157	
117	147	0	130	198	131	254	142	2	158	
117	147	0	130	205	132	254	142	2	159	
117	147	0	130	216	132	254	142	2	160	
117	146	0	130	219	131	254	141	2	161	
117	146	0	129	225	131	254	141	2	162	
118	145	0	129	231	131	254	141	2	163	
117	145	0	129	247	131	254	141	2	164	
118	145	0	129	254	131	254	141	2	165	
118	144	0	129	254	131	254	141	2	166	
118	144	0	129	254	130	254	140	2	167	
118	144	0	129	254	130	254	140	2	169	
118	143	0	129	254	131	254	140	2	170	
117	143	0	130	254	130	254	140	2	171	
119	143	0	130	254	131	254	140	2	172	
119	143	0	130	254	130	254	140	2	173	
207	142	0	130	254	131	254	139	2	174	
254	143	0	130	254	129	254	139	2	175	
254	142	0	130	254	131	254	138	2	176	
254	142	0	131	254	131	254	139	2	177	
254	142	0	130	254	131	254	139	2	178	
254	141	43	130	254	131	254	139	2	179	
254	141	120	130	254	131	254	138	2	180	
254	141	200	130	254	131	254	138	2	181	
254	141	254	130	254	131	254	138	2	182	
254	140	254	130	254	131	254	138	2	183	
254	140	254	128	254	128	254	137	2	184	
254	139	254	0	224	0	254	137	2	185	
254	139	254	0	209	0	254	137	2	186	
254	139	254	0	192	0	254	136	2	187	
254	138	254	0	176	0	254	136	2	188	
254	138	254	0	164	0	254	135	2	189	
254	137	254	0	150	0	254	135	2	190	
254	137	254	0	133	0	254	135	2	191	
254	137	254	0	122	0	254	134	2	192	
254	137	254	0	115	0	254	134	2	193	
254	136	254	0	95	0	254	134	2	194	
254	136	254	0	86	0	254	133	2	195	
254	136	254	0	74	0	254	133	2	196	
254	136	254	0	60	0	254	133	2	197	
254	135	254	0	46	0	254	133	2	198	
254	135	254	0	22	0	254	133	2	199	
254	135	254	0	11	0	254	132	2	200	
254	135	254	0	1	0	254	132	2	201	
254	135	254	0	0	0	254	132	2	203	
254	135	254	0	0	0	254	132	2	204	
254	135	254	0	0	0	254	131	2	205	
254	135	254	0	0	0	254	131	2	206	
169	134	254	0	0	0	240	131	2	207	
119	134	254	0	0	0	167	131	2	208	
74	134	254	0	0	0	71	130	2	209	
30	134	254	0	0	0	44	130	2	210	
0	133	254	0	0	0	17	130	2	211	
0	133	254	0	0	0	0	130	2	212	
0	133	254	7	0	35	0	130	2	213	
0	133	254	64	0	96	10	130	2	214	
0	132	254	117	0	154	2	129	2	215	
0	132	254	169	0	209	0	129	2	216	
0	132	254	217	0	254	0	129	2	217	
0	132	254	254	0	254	0	129	2	218	
0	132	254	254	0	254	0	129	2	219	
0	132	254	254	0	254	0	129	2	220	
0	132	254	254	0	254	0	129	2	221	
0	132	254	254	0	254	0	129	2	222	
0	132	254	254	0	254	0	129	2	223	
0	132	254	254	0	254	0	129	2	224	
0	132	254	254	0	254	0	129	2	225	
0	131	254	254	0	254	0	129	2	226	
0	0	254	254	0	254	0	128	2	227	
0	0	254	254	0	254	0	128	2	228	
0	0	254	254	0	254	0	128	2	229	
0	0	254	254	0	254	0	128	2	230	
0	0	254	254	0	254	0	128	2	231	
0	0	254	254	0	254	0	128	2	232	
0	0	254	254	6	254	0	128	2	233	
0	0	244	254	18	254	0	128	2	234	
0	0	196	254	27	254	0	128	2	235	
0	0	202	254	32	254	0	128	2	237	
0	0	174	254	34	254	0	128	2	238	
0	0	147	254	50	254	0	128	2	239	
0	0	167	254	60	254	0	128	2	240	
0	0	172	254	69	254	0	127	2	241	
0	0	182	254	87	254	0	127	2	242	
0	0	199	254	106	254	0	127	2	243	
0	0	203	254	123	254	0	127	2	244	
0	0	237	254	138	254	0	127	2	245	
0	0	245	254	146	255	0	127	2	246	
0	0	254	254	152	254	0	128	2	247	
0	0	245	254	156	254	0	127	2	248	
0	0	254	254	156	254	0	127	2	249	
0	0	254	254	152	254	0	127	2	250	
0	0	241	254	148	254	0	127	2	252	
0	0	211	254	145	254	0	127	2	253	
0	0	239	254	136	254	0	127	2	254	
0	0	229	254	126	254	0	127	2	255	
0	14	213	254	121	254	0	127	2	0	
0	80	243	254	115	254	0	127	2	1	
0	142	213	254	111	254	0	127	2	2	
0	202	229	254	107	254	0	127	2	3	
0	254	229	254	104	254	0	127	2	4	
0	254	173	254	105	254	0	127	2	5	
0	254	174	254	109	254	0	127	2	6	
0	254	151	254	114	254	0	128	2	7	
0	254	121	254	120	254	0	128	2	8	
0	254	127	254	128	254	0	128	2	9	
0	254	123	254	137	254	0	127	2	10	
0	254	94	254	150	254	0	127	2	11	
0	254	79	254	175	254	40	128	2	12	
0	254	59	254	189	254	90	127	2	13	
0	254	33	254	205	255	118	128	2	15	
35	254	0	254	218	254	118	128	2	16	
81	254	0	254	235	255	124	127	2	17	
127	254	15	254	249	254	141	128	2	18	
209	254	23	254	254	254	163	128	2	19	
247	254	9	254	254	254	203	127	2	20	
254	254	34	254	254	255	253	128	2	21	
254	254	23	254	254	254	254	128	2	22	
254	254	31	254	254	254	254	128	2	23	
254	254	0	254	254	254	254	128	2	24	
254	254	33	254	254	254	254	128	2	25	
254	254	62	254	254	254	254	128	2	26	
254	254	83	254	254	255	228	128	2	27	
254	254	132	254	254	254	213	128	2	28	
254	254	187	254	254	254	151	128	2	30	
254	254	220	254	254	255	104	128	2	31	
254	254	216	254	254	254	62	128	2	32	
254	254	221	254	244	254	2	128	2	33	
254	254	190	254	229	254	0	128	2	34	
254	254	136	254	216	254	0	128	2	35	
254	254	84	254	206	254	0	128	2	36	
254	254	40	254	196	254	0	128	2	37	
254	254	0	254	192	254	1	128	2	38	
254	255	0	254	190	254	65	127	2	39	
254	254	0	254	187	254	163	128	2	40	
254	254	0	254	187	254	254	127	2	41	
254	254	0	254	186	254	254	128	2	42	
254	254	0	254	186	254	254	128	2	43	
254	254	0	254	184	254	254	128	2	44	
254	254	0	254	181	255	254	128	2	45	
254	254	0	254	173	254	254	128	2	46	
254	254	0	254	170	254	254	128	2	47	
254	254	0	254	163	254	254	128	2	48	
254	254	0	254	158	254	254	128	2	49	
254	254	0	254	150	254	254	128	2	50	
254	254	0	254	143	254	254	128	2	51	
254	254	0	254	136	255	254	128	2	52	
254	254	0	254	128	254	254	128	2	53	
254	254	0	254	121	254	254	128	2	54	
254	254	41	254	113	254	254	128	2	55	
254	254	54	254	106	254	254	128	2	56	
254	254	58	254	98	254	254	128	2	57	
254	254	28	254	93	254	254	128	2	58	
254	254	24	254	85	254	254	127	2	59	
254	254	56	254	72	254	254	128	2	60	
254	254	26	254	66	254	254	128	2	61	
254	254	46	254	61	254	254	128	2	62	
254	254	54	254	58	254	254	128	2	64	
254	254	65	254	52	255	254	128	2	65	
254	254	69	254	50	254	254	128	2	66	
254	254	96	254	46	254	254	128	2	67	
254	254	101	250	45	254	254	128	2	68	
254	254	116	245	42	254	254	128	2	69	
254	254	122	240	38	254	254	128	2	70	
254	254	125	235	36	220	254	128	2	71	
254	254	114	231	33	146	254	127	2	72	
254	254	80	226	29	77	254	127	2	73	
254	254	71	222	26	11	254	127	2	74	
254	254	68	218	13	0	254	128	2	75	
254	254	47	213	5	0	254	127	2	76	
254	254	60	209	0	0	254	127	2	77	
254	254	67	205	0	0	254	127	2	78	
254	254	72	201	0	0	188	126	2	79	
254	254	109	196	0	0	80	127	2	80	
254	254	147	194	0	0	58	127	2	81	
254	254	235	190	0	0	43	127	2	82	
254	254	246	186	0	0	101	127	2	83	
254	254	248	183	0	0	160	127	2	84	
254	254	254	180	12	0	207	127	2	85	
254	254	254	177	24	0	254	127	2	86	
254	254	242	174	33	0	254	127	2	87	
254	254	225	171	50	0	167	127	2	88	
254	254	234	168	53	0	50	127	2	89	
254	254	178	162	57	0	0	128	2	90	
254	254	149	160	60	0	0	127	2	91	
254	254	154	158	63	0	0	127	2	92	
254	254	155	155	65	0	0	128	2	93	
254	254	154	152	65	0	0	127	2	94	
254	254	202	151	62	0	0	127	2	95	
254	254	231	149	58	0	0	128	2	96	
254	254	240	147	38	0	0	128	2	98	
254	254	223	145	21	0	0	127	2	99	
254	254	222	143	7	0	0	127	2	100	
254	254	220	141	0	0	0	128	2	101	
254	254	227	139	0	0	0	128	2	102	
254	254	210	137	0	0	0	128	2	103	
254	254	216	135	0	0	0	128	2	104	
250	254	254	134	0	0	0	127	2	105	
243	251	254	133	0	0	0	127	2	106	
237	244	254	131	0	0	0	128	2	107	
230	237	254	130	0	0	0	128	2	108	
225	231	254	129	0	0	0	128	2	109	
220	224	254	128	0	0	0	127	2	110	
212	218	254	127	0	0	0	128	2	111	
206	213	254	126	0	0	0	127	2	113	
200	207	254	125	0	0	0	128	2	114	
195	201	254	124	0	0	0	127	2	115	
190	196	254	124	0	0	0	127	2	116	
181	191	254	123	0	0	0	127	2	117	
175	186	254	122	0	0	0	127	2	118	
171	181	213	122	0	0	0	127	2	119	
170	177	197	121	0	0	0	128	2	120	
163	173	165	121	0	0	0	127	2	121	
162	169	169	120	4	0	0	127	2	122	
156	166	155	119	14	0	0	127	2	123	
152	162	150	119	28	0	0	127	2	124	
148	158	115	117	45	0	0	127	2	125	
146	155	84	118	59	0	0	127	2	126	
142	151	92	118	82	0	0	127	2	127	
140	148	65	118	105	0	0	127	2	128	
137	145	12	116	149	0	0	127	2	129	
135	142	40	117	164	0	0	127	2	130	
131	139	0	117	184	0	0	127	2	132	
129	137	0	117	200	0	0	127	2	133	
125	134	1	116	215	0	0	127	2	134	
124	131	0	116	230	0	0	127	2	135	
120	129	3	116	242	0	100	127	2	136	
119	127	43	116	250	0	254	127	2	137	
117	125	35	116	254	0	254	127	2	138	
115	123	50	115	254	0	254	127	2	139	
114	121	52	115	254	0	254	127	2	140	
112	119	31	115	254	0	254	127	2	141	
111	117	72	116	254	0	254	127	2	142	
110	116	56	116	254	0	254	128	2	143	
109	115	38	114	254	0	254	127	2	144	
108	114	58	116	254	0	254	127	2	145	
106	112	33	116	254	0	254	127	2	147	
106	111	37	116	254	0	254	128	2	148	
104	111	32	116	254	0	254	127	2	149	
105	110	85	116	254	0	254	127	2	150	
103	109	81	116	253	0	254	127	2	151	
103	108	96	116	245	0	254	127	2	152	
103	108	91	116	243	0	254	127	2	153	
102	106	73	116	238	0	254	127	2	154	
101	107	126	116	235	0	254	127	2	155	
101	106	110	116	229	0	254	127	2	156	
100	106	112	116	231	0	254	127	2	157	
101	105	120	116	224	0	254	127	2	158	
101	105	96	116	224	0	254	127	2	159	
101	105	105	117	224	0	254	127	2	160	
100	105	100	117	224	0	254	127	2	161	
101	105	84	117	227	0	254	127	2	162	
100	105	87	116	224	0	254	127	2	163	
101	105	63	117	225	0	254	127	2	164	
100	105	62	118	223	0	254	128	2	165	
101	104	59	117	214	0	254	127	2	166	
100	105	29	118	201	3	254	128	2	167	
101	105	57	118	188	11	254	127	2	168	
101	105	66	118	189	18	254	128	2	169	
102	105	19	118	179	26	254	128	2	170	
102	106	26	118	170	33	254	127	2	171	
101	105	3	118	175	38	254	127	2	172	
102	105	4	119	178	47	254	128	2	173	
102	106	8	119	180	51	254	127	2	174	
102	106	21	119	177	57	254	128	2	175	
103	106	44	119	173	65	254	127	2	176	
103	107	21	118	174	76	254	128	2	177	
103	107	47	119	165	80	254	127	2	178	
103	107	26	119	162	85	243	127	2	179	
104	107	28	254	160	89	254	128	2	181	
104	108	51	254	151	95	254	127	2	182	
106	109	58	254	148	98	254	127	2	183	
105	109	55	254	141	101	254	127	2	184	
106	113	53	254	133	106	254	128	2	185	
105	254	41	254	119	107	254	128	2	186	
106	254	58	254	110	113	234	127	2	187	
106	254	19	254	101	116	215	128	2	188	
106	254	14	254	89	120	143	128	2	189	
107	254	37	254	78	123	160	128	2	190	
107	254	50	254	74	126	80	128	2	191	
107	254	32	254	64	128	25	128	2	192	
108	254	41	254	56	130	24	128	2	193	
108	254	73	254	52	133	0	128	2	194	
108	254	46	254	44	135	0	128	2	195	
108	254	66	254	38	139	0	128	2	196	
109	254	50	254	40	140	0	128	2	197	
109	254	59	254	42	142	0	128	2	198	
110	254	17	254	44	143	0	128	2	199	
110	254	0	254	51	145	0	128	2	200	
110	254	3	254	57	145	0	127	2	201	
111	254	5	254	65	147	0	128	2	202	
111	254	25	254	72	148	0	127	2	203	
111	254	32	254	78	149	0	127	2	204	
112	254	40	254	84	150	0	127	2	205	
112	254	73	254	89	151	0	127	2	206	
112	254	55	254	95	151	0	127	2	207	
113	254	73	201	100	151	0	127	2	208	
113	254	72	138	106	152	0	127	2	209	
113	254	77	79	115	153	0	127	2	210	
114	254	85	24	123	153	0	126	2	211	
114	254	69	0	133	154	0	127	2	212	
113	243	95	0	136	154	0	126	2	213	
114	172	115	0	138	154	0	127	2	215	
115	105	116	0	135	155	0	127	2	216	
115	43	133	0	133	154	0	127	2	217	
115	0	156	0	131	154	1	126	2	218	
116	0	160	0	130	154	23	127	2	219	
116	0	147	0	121	154	132	126	2	220	
116	0	154	0	128	154	157	127	2	221	
116	0	108	0	128	155	246	126	2	222	
116	0	123	0	130	155	254	127	2	223	
116	0	87	0	141	154	254	127	2	224	
116	0	91	0	151	154	254	127	2	225	
117	0	103	0	159	154	254	127	2	226	
117	0	101	0	167	154	254	127	2	227	
117	0	121	0	171	153	254	126	2	228	
117	0	115	0	170	153	253	127	2	230	
117	0	170	0	172	154	228	127	2	231	
117	0	144	0	171	152	251	127	2	232	
117	0	147	0	169	152	254	126	2	233	
117	0	175	0	172	151	185	126	2	234	
117	0	198	0	170	152	137	127	2	235	
117	0	197	0	170	151	146	127	2	236	
118	0	233	0	170	150	125	127	2	237	
118	0	210	0	171	151	141	126	2	238	
118	0	227	0	173	150	117	126	2	239	
118	0	210	0	178	150	182	126	2	240	
118	0	193	0	176	150	202	126	2	241	
118	0	197	0	180	149	254	127	2	242	
118	0	202	0	185	149	234	126	2	243	
117	0	199	0	184	149	252	126	2	244	
118	0	254	0	187	147	254	127	2	245	
118	0	254	0	184	147	254	127	2	246	
118	0	254	0	180	147	254	127	2	247	
117	0	254	0	178	146	254	127	2	249	
118	0	254	0	176	146	254	127	2	250	
118	0	254	0	174	145	254	127	2	251	
118	0	254	0	173	144	254	126	2	252	
118	0	254	0	174	144	254	126	2	253	
119	0	220	0	173	143	254	127	2	254	
119	0	206	0	171	143	254	126	2	255	
119	0	188	0	170	143	254	127	2	0	
119	0	171	0	165	142	254	127	2	1	
119	0	172	0	163	142	254	126	2	2	
119	0	174	0	160	141	254	126	2	3	
119	0	152	0	156	141	254	127	2	4	
119	0	174	0	151	140	254	126	2	5	
119	0	180	0	147	140	254	126	2	6	
120	0	201	0	140	140	254	126	2	8	
119	0	198	0	137	139	254	126	2	9	
119	0	190	0	130	140	254	126	2	10	
119	0	159	0	126	139	254	126	2	11	
119	0	144	0	123	138	254	126	2	12	
119	0	123	0	119	138	254	126	2	13	
119	0	132	0	116	137	254	126	2	14	
119	0	156	0	116	137	254	126	2	15	
119	0	152	0	114	137	254	126	2	16	
119	0	170	0	113	137	199	127	2	17	
119	0	185	0	115	136	93	126	2	18	
119	0	198	0	113	136	0	126	2	19	
119	0	201	0	112	136	0	126	2	20	
119	0	230	0	112	136	0	127	2	21	
119	0	254	0	109	135	0	126	2	22	
119	0	254	0	108	135	0	126	2	23	
119	0	254	28	105	135	0	127	2	24	
119	0	254	92	104	134	21	127	2	25	
119	0	254	152	101	134	0	127	2	26	
119	0	239	208	98	135	0	126	2	27	
119	0	189	254	97	135	0	127	2	28	
119	0	138	254	92	133	0	127	2	29	
118	0	108	254	86	134	0	127	2	30	
119	0	104	254	84	134	0	127	2	31	
118	0	74	254	82	133	0	127	2	32	
119	0	64	254	83	133	0	127	2	33	
119	0	55	254	89	133	0	127	2	34	
119	0	39	254	94	131	0	127	2	35	
119	0	36	254	104	133	0	127	2	36	
119	0	76	254	113	131	0	127	2	37	
118	0	86	254	118	132	0	127	2	38	
119	0	133	254	120	131	0	127	2	39	
119	0	151	254	122	131	15	127	2	40	
119	0	159	254	124	131	116	127	2	42	
119	0	172	254	125	131	169	127	2	43	
118	0	162	254	130	131	211	127	2	44	
119	0	179	254	134	131	236	127	2	45	
118	0	127	254	136	131	201	127	2	46	
119	0	96	254	143	129	167	127	2	47	
118	0	83	254	149	131	245	127	2	48	
118	0	47	254	153	131	254	127	2	49	
118	0	8	254	158	130	254	127	2	50	
119	0	0	254	160	131	254	127	2	51	
118	0	10	254	162	130	254	127	2	52	
118	0	45	254	164	131	254	127	2	53	
118	0	56	254	165	130	254	127	2	54	
118	0	88	254	166	130	254	127	2	55	
118	0	97	254	166	130	254	127	2	56	
119	0	125	254	169	129	254	127	2	57	
119	0	136	254	171	129	254	126	2	58	
119	0	105	0	179	130	254	126	2	59	
119	0	117	0	179	129	229	126	2	60	
119	0	97	0	182	129	147	126	2	61	
118	0	96	0	181	129	117	126	2	62	
119	0	95	0	175	129	46	126	2	63	
119	6	105	0	169	129	29	126	2	64	
119	15	134	0	161	129	19	126	2	65	
119	24	133	0	153	129	124	126	2	66	
118	32	173	0	148	130	127	126	2	67	
119	41	132	0	144	129	202	126	2	68	
119	48	143	0	139	129	251	126	2	69	
119	56	105	0	139	129	252	126	2	70	
119	62	90	0	141	129	254	126	2	71	
118	69	36	0	142	130	254	127	2	72	
120	75	28	0	145	129	254	127	2	73	
118	81	27	0	148	129	231	126	2	74	
119	87	27	0	148	130	172	126	2	76	
119	92	27	0	151	130	169	126	2	77	
119	97	54	0	153	130	145	126	2	78	
119	103	83	0	153	129	104	126	2	79	
118	107	92	0	154	129	77	126	2	80	
118	112	121	0	154	130	143	126	2	81	
119	116	148	0	148	129	96	126	2	82	
118	121	142	0	145	129	103	126	2	83	
119	124	196	0	138	129	121	126	2	84	
118	131	197	0	129	130	89	126	2	85	
118	134	170	0	119	129	125	126	2	86	
117	137	132	0	118	130	181	127	2	87	
118	140	103	0	115	129	180	126	2	88	
118	143	63	0	109	130	226	126	2	89	
118	145	32	0	110	130	229	126	2	91	
118	148	0	0	110	129	197	126	2	92	
118	150	7	0	109	130	180	126	2	93	
118	152	20	0	114	130	156	126	2	94	
118	154	54	37	115	130	121	126	2	95	
118	155	109	82	115	130	54	126	2	96	
118	157	115	125	119	130	97	126	2	97	
120	159	139	166	121	130	47	126	2	98	
119	160	182	205	124	130	0	126	2	99	
118	161	162	241	127	130	6	126	2	100	
119	162	159	254	126	130	0	126	2	101	
118	162	153	254	133	130	0	127	2	102	
118	163	165	254	133	129	0	127	2	103	
118	164	152	254	134	130	0	126	2	104	
119	165	147	254	135	130	0	127	2	105	
118	165	204	254	133	130	0	127	2	106	
118	166	249	254	130	130	0	127	2	107	
118	166	252	254	122	130	0	126	2	108	
118	166	254	254	116	130	0	127	2	110	
118	167	254	254	113	131	0	127	2	111	
118	167	254	254	109	130	0	127	2	112	
117	167	254	254	106	130	0	127	2	113	
118	168	245	254	106	130	0	127	2	114	
118	167	223	254	105	130	0	127	2	115	
118	167	240	254	105	129	0	126	2	116	
118	167	177	254	103	129	0	127	2	117	
118	167	154	254	102	130	0	127	2	118	
117	166	168	254	102	130	0	127	2	119	
117	165	158	254	102	128	0	127	2	120	
120	165	159	254	103	130	0	127	2	121	
120	165	165	254	103	130	0	127	2	122	
118	164	174	254	102	130	0	126	2	123	
119	163	182	254	104	130	0	127	2	125	
118	163	209	254	108	129	0	127	2	126	
118	163	223	254	110	130	0	127	2	127	
117	162	254	254	117	131	0	127	2	128	
117	161	254	254	127	130	0	127	2	129	
118	161	254	254	137	130	0	127	2	130	
118	161	254	254	147	130	0	127	2	131	
118	160	254	254	150	131	0	127	2	132	
119	159	254	254	155	130	0	127	2	133	
118	158	254	254	154	129	0	127	2	134	
118	157	254	254	150	128	0	127	2	135	
118	155	254	254	149	0	0	126	2	136	
118	156	254	254	145	0	0	127	2	137	
118	155	254	254	139	0	0	126	2	138	
118	154	254	254	131	0	0	126	2	139	
118	153	221	254	123	0	0	126	2	140	
118	153	210	254	115	0	0	127	2	141	
119	152	154	254	105	0	118	126	2	142	
119	151	163	254	94	0	254	126	2	144	
119	151	148	254	88	0	254	126	2	145	
119	150	150	254	84	0	254	126	2	146	
118	150	144	254	87	0	254	126	2	147	
118	150	146	254	86	254	254	126	2	148	
120	149	150	254	85	254	254	126	2	149	
119	148	98	254	88	254	254	126	2	150	
118	147	67	197	91	254	254	127	2	151	
118	148	44	143	90	254	254	127	2	152	
118	147	40	44	88	254	254	126	2	153	
118	146	49	0	92	254	254	127	2	154	
118	145	36	0	93	254	254	127	2	155	
119	144	37	0	89	254	254	127	2	156	
119	144	68	0	90	254	254	126	2	157	
120	144	58	0	90	254	254	126	2	159	
126	143	17	0	87	254	254	127	2	160	
254	143	5	0	86	254	254	127	2	161	
254	143	0	0	86	254	254	127	2	162	
254	142	0	0	83	254	254	127	2	163	
254	142	0	0	82	254	254	127	2	164	
254	142	0	0	81	254	254	127	2	165	
254	141	0	0	77	254	254	127	2	166	
254	141	0	0	79	254	254	127	2	167	
254	140	0	0	82	254	254	127	2	168	
254	139	0	0	88	254	254	127	2	169	
254	139	0	0	94	254	254	127	2	170	
254	138	0	0	102	254	254	127	2	171	
254	138	0	0	109	254	254	127	2	172	
254	137	0	0	113	254	254	126	2	173	
254	137	0	0	114	254	254	126	2	174	
254	137	0	0	112	254	254	127	2	175	
254	137	0	0	108	254	254	126	2	176	
254	136	0	0	93	254	254	126	2	177	
254	136	0	0	85	254	254	126	2	178	
254	136	0	0	78	254	254	126	2	179	
254	136	0	0	73	254	254	126	2	180	
254	135	16	0	64	254	254	126	2	181	
254	135	61	0	63	254	254	126	2	182	
254	135	69	0	62	254	254	126	2	183	
254	135	92	0	62	254	254	126	2	184	
254	135	86	0	63	254	157	126	2	185	
254	134	85	0	68	254	81	126	2	186	
254	134	80	0	72	247	50	126	2	187	
254	134	56	0	76	230	0	126	2	188	
254	134	41	0	84	199	0	126	2	189	
254	134	63	0	88	184	0	126	2	190	
254	134	98	0	89	171	0	126	2	191	
224	133	94	0	92	158	0	125	2	193	
180	133	134	0	93	146	0	125	2	194	
138	133	155	0	97	134	0	125	2	195	
101	133	163	0	100	123	0	125	2	196	
63	133	132	0	107	112	0	125	2	197	
0	132	124	0	115	103	0	125	2	198	
0	132	76	0	119	94	0	125	2	199	
0	132	38	0	124	86	0	125	2	200	
0	133	61	0	132	78	28	125	2	201	
0	132	59	0	135	71	0	125	2	202	
0	132	57	0	140	64	0	125	2	203	
0	132	99	0	145	58	39	125	2	204	
0	132	100	0	149	52	24	126	2	205	
0	132	133	0	153	46	52	126	2	206	
0	132	117	0	158	42	119	125	2	207	
0	132	135	0	157	37	218	125	2	208	
0	132	99	0	160	33	247	124	2	209	
0	132	92	0	157	30	254	126	2	210	
0	132	99	0	154	26	254	125	2	211	
0	132	79	0	149	23	254	125	2	212	
0	132	111	0	148	21	254	126	2	213	
0	132	114	0	145	18	254	126	2	214	
0	132	143	0	142	17	254	125	2	215	
0	132	142	0	140	15	254	125	2	216	
0	132	181	0	140	14	196	126	2	217	
0	132	202	0	136	13	69	126	2	218	
0	131	186	0	135	11	29	126	2	219	
0	132	209	0	133	11	26	126	2	220	
0	131	176	0	131	10	0	126	2	221	
0	132	205	0	132	11	35	126	2	222	
0	132	211	0	130	11	69	126	2	223	
0	132	206	0	129	11	119	126	2	224	
0	132	236	0	129	12	159	126	2	225	
0	131	250	0	125	13	231	126	2	227	
0	132	240	0	127	14	254	126	2	228	
0	131	231	0	127	14	253	126	2	229	
0	131	251	0	126	15	254	126	2	230	
0	132	212	0	127	16	254	126	2	231	
0	132	167	0	129	18	254	126	2	232	
0	132	160	0	131	19	254	126	2	233	
0	132	153	0	130	21	254	126	2	234	
0	132	197	0	133	23	254	126	2	235	
0	132	190	0	139	24	254	126	2	236	
0	131	162	0	139	26	254	126	2	237	
0	131	194	0	146	28	254	127	2	238	
0	131	218	0	148	30	254	126	2	239	
0	131	180	0	154	32	254	126	2	240	
0	132	142	0	159	34	254	126	2	242	
0	131	137	0	160	36	151	126	2	243	
0	131	103	0	166	39	63	126	2	244	
0	131	77	0	167	40	0	126	2	245	
0	132	81	0	166	43	0	126	2	246	
0	131	81	0	167	45	0	126	2	247	
0	131	107	0	167	46	0	126	2	248	
0	131	136	0	165	49	0	126	2	249	
0	132	155	3	165	51	0	126	2	250	
0	131	205	13	165	53	0	126	2	251	
0	131	208	22	162	56	0	126	2	252	
0	130	254	31	166	58	0	126	2	253	
0	131	253	39	162	59	0	126	2	254	
0	131	254	56	163	63	0	126	2	255	
0	132	235	63	161	64	0	126	2	0	
0	132	252	70	159	67	0	126	2	1	
0	132	254	77	159	71	0	126	2	2	
0	132	252	84	155	73	0	126	2	3	
0	132	254	89	147	76	0	125	2	5	
0	131	254	95	144	78	0	126	2	6	
0	131	254	101	141	80	0	126	2	7	
0	131	254	106	138	81	0	126	2	8	
0	131	254	111	134	83	0	126	2	9	
0	131	254	116	135	86	0	125	2	10	
0	131	254	120	132	87	0	125	2	11	
0	131	254	124	129	89	0	125	2	12	
0	131	246	128	131	91	0	126	2	13	
0	131	225	136	129	93	0	126	2	14	
0	131	186	139	128	94	0	126	2	15	
0	131	141	142	128	96	0	125	2	16	
0	131	82	145	126	99	0	126	2	17	
0	131	54	149	128	101	0	126	2	18	
0	130	19	151	126	103	0	126	2	20	
0	131	0	153	127	103	11	126	2	21	
0	131	0	155	128	106	89	125	2	22	
0	131	0	156	128	107	141	126	2	23	
0	131	0	159	128	107	124	126	2	24	
0	131	0	160	130	109	228	126	2	25	
0	131	0	162	131	110	254	126	2	26	
0	131	0	164	131	112	254	125	2	27	
0	132	0	165	132	112	254	126	2	28	
6	131	0	166	135	114	254	126	2	29	
11	131	0	167	134	114	254	126	2	30	
17	131	0	168	132	116	254	126	2	31	
22	131	0	169	134	117	254	126	2	32	
28	131	0	170	137	118	254	126	2	33	
33	131	0	170	135	119	254	126	2	34	
38	131	0	170	139	119	254	126	2	35	
43	131	0	170	142	120	254	126	2	36	
48	131	0	171	142	122	254	126	2	37	
53	131	0	171	141	121	254	126	2	38	
57	131	0	170	137	123	254	126	2	39	
61	131	0	171	134	124	254	126	2	40	
66	131	0	170	129	124	254	126	2	41	
70	131	3	170	125	125	254	125	2	42	
73	131	19	170	122	125	254	126	2	43	
76	131	41	170	121	126	254	125	2	44	
80	130	42	170	120	126	219	126	2	45	
84	131	5	169	120	126	165	126	2	46	
87	130	39	168	122	127	173	126	2	47	
90	130	51	168	123	128	152	126	2	48	
92	130	35	167	123	128	149	126	2	49	
96	130	66	166	124	128	144	125	2	50	
98	130	109	167	128	129	200	126	2	51	
101	130	105	165	128	129	151	126	2	52	
103	130	202	164	129	129	99	126	2	54	
106	130	184	164	129	130	71	126	2	55	
108	130	188	163	130	130	7	126	2	56	
111	130	222	162	126	130	0	126	2	57	
112	131	238	162	128	129	0	126	2	58	
116	130	244	161	128	129	0	126	2	59	
116	130	243	161	128	131	0	126	2	60	
119	130	205	160	126	131	15	126	2	61	
120	131	254	160	123	131	43	126	2	62	
121	131	236	159	121	130	112	126	2	63	
123	130	214	158	119	131	142	125	2	64	
124	130	186	157	116	131	160	126	2	65	
125	130	124	157	116	131	155	126	2	66	
126	130	143	156	114	130	116	126	2	67	
127	131	169	155	113	130	183	126	2	68	
128	130	153	154	115	132	129	126	2	69	
128	131	153	153	114	132	17	124	2	70	
130	130	221	153	116	132	0	126	2	71	
130	130	254	152	120	131	0	126	2	72	
131	131	231	151	122	132	0	126	2	73	
131	131	220	150	125	131	0	126	2	74	
131	131	211	150	127	132	0	126	2	75	
132	132	172	149	129	132	0	126	2	76	
130	131	163	148	132	131	14	126	2	77	
132	131	169	148	131	132	33	126	2	78	
132	130	176	147	127	130	8	126	2	79	
133	131	165	146	127	132	84	126	2	80	
133	130	188	145	124	130	148	126	2	81	
132	131	207	144	120	131	165	125	2	82	
132	130	193	144	115	131	156	126	2	83	
132	131	198	143	112	131	220	126	2	84	
132	130	170	144	108	131	141	126	2	85	
132	131	144	142	99	131	172	126	2	86	
132	131	124	142	97	132	108	126	2	88	
131	131	110	141	92	131	44	126	2	89	
130	131	97	141	91	130	0	126	2	90	
131	130	117	140	91	131	0	126	2	91	
130	131	96	140	93	130	0	126	2	92	
125	131	93	139	98	131	0	126	2	93	
117	131	70	139	100	130	0	125	2	94	
112	131	90	138	106	131	0	126	2	95	
107	131	67	138	110	131	0	126	2	96	
103	131	50	137	115	131	0	126	2	97	
100	131	83	137	121	130	0	126	2	98	
97	131	65	136	123	130	0	126	2	99	
95	131	56	136	126	130	0	126	2	100	
92	131	67	137	130	130	0	126	2	101	
90	130	46	135	133	130	0	126	2	103	
89	131	77	136	136	131	69	126	2	104	
87	131	64	135	139	130	159	126	2	105	
86	131	82	135	141	131	254	126	2	106	
85	131	88	134	145	131	254	126	2	107	
83	131	85	134	144	129	254	126	2	108	
82	131	95	134	147	130	254	126	2	109	
81	130	80	134	148	130	254	126	2	110	
81	131	50	133	145	130	254	126	2	111	
80	131	21	133	152	130	254	126	2	112	
80	130	46	133	153	130	254	126	2	113	
80	130	0	132	153	130	254	126	2	114	
79	129	0	133	157	130	254	126	2	115	
79	130	6	133	158	128	254	126	2	116	
80	130	0	132	156	129	254	126	2	117	
80	130	3	132	153	129	254	126	2	118	
79	131	0	131	153	129	254	126	2	119	
80	130	3	132	149	129	254	126	2	120	
79	130	14	131	145	129	254	126	2	122	
80	130	50	131	141	129	254	125	2	123	
0	130	83	131	139	128	254	126	2	124	
0	130	101	131	140	128	254	125	2	125	
0	130	140	131	141	128	254	125	2	126	
0	131	143	130	140	128	254	125	2	127	
0	130	110	130	142	128	254	125	2	128	
0	130	129	130	144	128	191	125	2	129	
0	129	122	130	146	128	125	126	2	130	
0	131	107	130	146	129	175	125	2	131	
0	130	84	129	149	128	168	125	2	132	
0	130	87	129	150	128	242	125	2	133	
0	130	105	129	151	128	254	126	2	134	
