254	125	125	0	85	130	126	0	2	232	
254	125	125	0	94	130	125	0	2	233	
254	126	125	0	95	127	125	0	2	234	
254	125	125	0	127	130	125	0	2	235	
254	125	126	0	119	129	125	0	2	236	
254	124	128	0	126	129	126	0	2	237	
0	129	128	0	181	129	126	0	2	238	
254	125	128	0	201	130	127	0	2	239	
159	125	128	0	164	130	127	0	2	240	
254	125	128	0	214	129	126	0	2	241	
177	124	128	0	188	130	127	0	2	242	
254	126	128	0	138	130	125	254	2	243	
32	126	126	0	153	130	145	254	2	244	
0	125	128	0	63	130	138	255	2	245	
0	127	129	0	150	131	135	254	2	246	
0	127	128	0	170	132	134	254	2	247	
0	127	128	0	163	132	133	254	2	248	
0	128	129	0	254	134	133	255	2	249	
254	128	128	0	254	132	132	254	2	250	
112	127	129	0	254	132	131	254	2	252	
254	128	127	21	255	131	131	254	2	253	
254	130	0	55	255	135	130	254	2	254	
0	129	0	87	255	130	129	255	2	255	
254	128	0	118	254	0	58	112	2	0	
0	128	0	147	255	0	18	0	2	1	
0	128	0	175	255	0	9	0	2	2	
0	126	0	200	255	0	5	0	2	3	
0	126	0	224	254	0	2	0	2	4	
0	125	0	243	255	0	1	0	2	5	
0	0	0	254	199	0	0	0	2	6	
254	0	0	254	125	0	0	0	2	7	
0	25	0	254	17	0	0	0	2	8	
0	0	0	254	0	0	0	0	2	9	
254	0	0	254	0	0	0	0	2	11	
0	0	0	254	0	0	0	0	2	12	
0	87	0	254	0	0	0	0	2	13	
254	167	0	254	0	0	0	0	2	14	
8	206	0	254	0	0	0	0	2	15	
254	224	0	254	15	0	0	0	2	16	
255	234	0	254	48	0	0	0	2	17	
255	232	0	254	45	0	0	3	2	18	
255	226	0	254	114	0	0	35	2	19	
254	220	0	254	111	0	2	69	2	20	
255	219	0	254	93	0	3	95	2	21	
0	215	0	254	80	0	3	126	2	22	
255	211	0	254	70	0	3	150	2	23	
0	207	0	254	0	0	3	175	2	24	
255	203	6	254	0	0	3	199	2	25	
0	199	48	254	0	0	3	223	2	26	
255	196	87	254	0	0	3	245	2	27	
169	192	124	254	0	0	3	254	2	28	
0	189	190	254	0	35	2	254	2	30	
254	185	223	0	0	86	23	254	2	31	
5	185	252	0	0	136	59	254	2	32	
255	178	254	0	0	181	145	254	2	33	
255	175	254	0	0	228	190	254	2	34	
255	172	254	0	0	254	221	254	2	35	
254	169	255	0	0	254	235	254	2	36	
255	167	255	0	0	255	243	254	2	37	
255	162	254	0	0	254	247	254	2	38	
254	159	254	0	0	254	249	254	2	39	
255	157	254	0	24	254	250	255	2	40	
234	154	254	0	63	255	251	254	2	41	
0	151	254	0	74	254	252	254	2	42	
255	148	254	0	133	254	252	254	2	43	
0	147	254	0	130	254	252	255	2	45	
0	146	254	0	114	254	252	254	2	46	
0	145	254	0	136	255	252	254	2	47	
163	142	254	0	147	255	252	254	2	48	
0	140	255	254	92	255	252	254	2	49	
0	140	254	254	171	255	252	254	2	50	
0	142	254	254	173	255	252	254	2	51	
255	137	254	254	159	254	252	254	2	52	
0	135	254	254	213	254	252	254	2	53	
254	134	254	254	192	255	252	254	2	54	
0	133	254	254	153	255	252	255	2	55	
0	131	254	254	175	254	251	255	2	56	
0	130	255	254	165	255	252	255	2	57	
0	128	255	254	146	254	252	255	2	58	
0	127	255	254	115	255	251	255	2	59	
254	126	255	255	47	255	252	255	2	60	
0	125	254	255	74	254	251	255	2	61	
0	123	254	255	104	254	251	255	2	62	
254	122	255	254	60	255	251	255	2	63	
0	121	254	254	109	254	252	255	2	64	
0	125	254	255	147	255	251	255	2	65	
0	120	254	254	93	254	252	254	2	66	
124	118	254	254	133	254	251	254	2	67	
0	119	254	255	130	255	252	255	2	68	
109	119	254	255	81	255	252	255	2	69	
0	118	254	255	107	255	251	254	2	70	
228	117	254	254	129	255	252	254	2	71	
255	117	254	255	104	255	252	255	2	72	
254	116	255	254	102	255	251	255	2	73	
254	116	255	255	89	255	252	255	2	74	
254	116	255	255	105	254	251	254	2	75	
254	116	255	254	122	255	251	255	2	76	
254	116	255	224	132	255	251	254	2	77	
254	115	255	178	133	254	252	254	2	79	
254	119	255	138	160	254	251	243	2	80	
254	115	255	97	148	255	251	191	2	81	
255	114	255	60	171	254	247	145	2	82	
254	114	254	26	201	255	247	102	2	83	
254	117	254	0	213	254	246	59	2	84	
0	115	255	0	195	215	223	18	2	85	
77	115	255	0	231	165	189	0	2	86	
0	115	254	0	215	117	150	0	2	87	
0	116	254	0	176	74	107	0	2	88	
0	117	254	0	207	31	67	0	2	89	
0	117	255	0	182	0	34	0	2	90	
0	118	255	0	122	0	18	0	2	91	
0	118	254	0	150	0	10	0	2	92	
0	118	254	0	127	0	5	0	2	93	
0	119	254	0	57	0	2	0	2	94	
0	117	255	0	85	0	0	0	2	95	
254	118	255	0	78	0	0	0	2	96	
0	118	255	0	7	0	0	0	2	97	
0	120	254	0	71	0	0	0	3	98	
0	118	254	0	33	0	0	0	2	99	
254	118	255	0	0	0	0	0	2	100	
44	118	255	0	14	0	0	0	2	101	
85	119	254	0	13	0	0	0	2	102	
254	119	254	0	0	0	0	0	2	103	
0	118	254	0	48	0	0	0	2	104	
0	118	254	0	59	0	0	0	2	105	
254	118	254	0	106	0	0	0	2	106	
191	118	254	0	142	0	0	0	2	107	
0	118	254	0	105	0	0	0	2	108	
255	119	255	0	180	0	0	0	2	109	
84	119	254	0	210	0	0	0	2	110	
255	118	254	0	127	0	0	0	2	111	
0	119	255	0	190	0	0	0	2	113	
124	120	254	0	188	0	0	0	2	114	
0	119	255	0	116	0	0	0	2	115	
0	119	254	0	185	0	0	0	2	116	
0	120	255	0	206	0	0	0	2	117	
0	122	254	0	142	0	0	0	2	118	
0	121	254	0	182	0	0	0	2	119	
255	120	254	0	211	0	0	0	2	120	
0	121	254	0	131	0	0	0	2	121	
0	120	254	0	171	0	0	0	2	122	
254	121	249	0	196	0	0	0	2	123	
0	121	184	0	162	0	0	0	2	124	
0	121	121	0	184	0	0	0	2	125	
0	121	62	0	221	0	0	0	2	126	
179	121	5	0	182	0	0	0	2	128	
0	123	0	0	200	0	0	0	2	129	
0	122	0	0	228	0	0	0	2	130	
254	122	0	0	212	0	0	0	2	131	
0	122	0	0	213	0	0	0	2	132	
0	125	0	0	200	0	0	0	2	133	
206	123	0	0	194	0	0	0	2	134	
0	123	0	0	156	0	0	0	2	135	
0	122	0	0	199	0	0	0	2	136	
255	119	0	0	197	0	0	0	2	137	
0	123	0	0	145	0	0	0	2	138	
255	123	0	0	229	0	0	0	2	139	
0	122	0	0	196	0	0	0	2	140	
255	0	0	0	191	0	0	0	2	141	
239	0	0	0	193	0	0	0	2	142	
0	18	0	0	106	0	0	0	2	143	
0	0	0	0	192	0	0	0	2	144	
0	0	0	0	152	0	0	0	2	145	
0	0	0	0	96	0	0	0	2	147	
0	0	0	0	139	0	0	0	2	148	
0	0	0	0	149	0	0	0	2	149	
0	0	0	0	139	0	0	0	2	150	
0	0	0	0	192	0	0	0	2	151	
254	0	0	0	219	0	0	0	2	152	
136	0	0	0	166	0	0	0	2	153	
254	0	0	0	225	0	0	0	2	154	
254	0	0	0	213	0	0	0	2	155	
133	0	0	0	139	0	0	0	2	156	
254	0	0	0	190	0	0	0	2	157	
254	0	0	0	193	0	0	0	2	158	
254	0	0	0	92	0	0	0	2	159	
254	0	0	0	158	0	0	0	2	160	
254	0	0	0	157	0	0	0	2	162	
254	0	0	0	34	0	0	0	2	163	
254	0	0	0	96	0	0	0	2	164	
254	0	0	0	91	0	0	0	2	165	
254	0	0	0	20	0	0	0	2	166	
254	0	0	4	62	0	0	0	2	167	
254	0	0	11	85	0	0	0	2	168	
254	0	0	15	0	0	0	0	2	169	
254	0	0	22	32	0	0	0	2	170	
131	254	0	33	62	0	0	0	2	171	
254	255	0	36	0	0	0	0	2	172	
254	254	0	41	55	4	1	0	2	173	
255	254	0	46	78	10	6	0	2	174	
254	254	0	53	41	17	11	0	2	175	
161	254	0	56	102	22	17	0	2	176	
255	254	0	61	83	28	23	0	2	177	
22	254	0	64	85	35	29	0	2	178	
254	254	0	68	130	40	35	0	2	179	
254	254	0	73	118	51	41	0	2	180	
254	254	0	76	104	54	45	0	2	181	
255	255	0	81	143	60	50	0	2	182	
254	255	0	84	142	65	55	0	2	183	
255	255	0	87	140	71	64	0	2	184	
254	255	0	93	203	72	68	0	2	185	
255	254	0	96	215	78	72	0	2	186	
254	255	0	98	163	82	77	0	2	187	
255	255	0	100	210	86	82	0	2	188	
254	254	0	0	181	90	84	0	2	189	
254	255	0	0	175	92	87	0	2	190	
254	255	0	0	149	97	90	0	2	191	
254	255	0	0	68	99	93	0	2	192	
254	85	0	0	145	102	96	0	2	193	
254	164	0	0	140	107	99	0	2	194	
254	254	0	0	71	111	102	0	2	196	
254	0	0	0	127	114	104	18	2	197	
254	106	0	0	140	116	108	69	2	198	
254	255	0	0	26	120	113	117	2	199	
254	254	0	0	110	121	117	166	2	200	
255	254	0	0	89	124	121	210	2	201	
255	255	0	0	30	125	123	250	2	202	
188	255	0	0	93	122	124	254	2	203	
0	254	0	0	105	129	125	254	2	204	
0	254	0	0	74	131	124	254	2	205	
0	254	0	0	127	131	126	254	2	206	
0	255	0	0	140	133	127	254	2	207	
0	255	0	0	92	134	127	254	2	208	
0	254	0	0	179	136	128	254	2	209	
0	254	0	0	160	137	130	254	2	210	
0	254	0	0	223	138	131	254	2	211	
0	53	0	0	237	139	133	254	2	212	
0	0	0	0	188	142	135	254	2	213	
0	0	0	0	215	143	136	254	2	214	
0	0	0	0	239	143	136	254	2	215	
0	0	8	0	165	143	138	254	2	216	
0	0	15	0	219	147	138	254	2	217	
0	0	27	0	202	146	141	254	2	218	
0	0	30	0	137	146	141	254	2	219	
0	0	36	0	160	146	141	254	2	220	
0	0	42	0	144	147	142	254	2	221	
24	0	47	0	103	147	143	254	2	222	
0	0	55	0	156	147	142	254	2	223	
0	0	61	0	110	148	143	254	2	224	
0	0	66	0	126	149	143	254	2	225	
0	0	71	0	130	147	143	254	2	226	
0	0	76	0	113	150	144	254	2	227	
0	0	81	0	116	148	144	254	2	228	
145	0	85	0	134	148	144	254	2	230	
0	0	89	0	143	146	144	254	2	231	
71	0	94	0	108	150	144	254	2	232	
232	0	96	71	138	147	144	254	2	233	
0	0	104	140	122	146	143	254	2	234	
132	0	105	209	122	146	142	254	2	235	
27	0	108	254	152	147	143	254	2	236	
134	0	111	254	164	146	145	254	2	237	
254	0	115	254	122	145	144	254	2	238	
254	0	117	254	156	145	143	254	2	239	
254	0	120	254	123	144	142	255	2	240	
89	0	122	254	83	145	141	255	2	241	
0	0	125	254	105	143	141	255	2	242	
0	0	128	254	102	143	140	255	2	243	
0	0	129	254	62	144	140	255	2	244	
0	0	132	254	106	143	140	255	2	245	
0	18	134	254	109	143	140	255	2	246	
0	52	135	254	44	142	140	255	2	247	
0	84	139	254	118	143	139	254	2	248	
14	112	140	254	122	142	139	254	3	249	
0	145	142	254	46	143	139	254	2	250	
0	172	143	254	134	142	139	254	2	251	
0	197	145	254	129	142	138	254	2	252	
0	222	145	254	30	141	136	226	2	253	
0	244	146	254	112	141	134	151	2	254	
0	254	147	254	89	141	134	112	2	255	
0	254	148	254	27	141	132	78	2	0	
0	254	150	254	99	140	132	45	2	1	
0	254	150	254	46	139	132	18	2	2	
22	255	152	254	92	139	131	0	2	3	
137	254	153	255	124	140	132	0	2	4	
0	254	153	254	40	138	133	0	2	5	
254	254	153	254	124	138	133	0	2	6	
0	254	154	254	117	138	135	0	2	8	
121	255	153	254	61	138	134	0	2	9	
41	254	152	254	105	138	136	0	2	10	
0	254	152	254	90	137	137	0	2	11	
0	254	154	254	57	136	136	0	2	12	
0	254	153	254	118	136	137	0	2	13	
0	254	152	254	142	136	137	0	2	14	
0	254	152	254	104	136	136	0	2	15	
255	254	153	254	140	136	135	0	2	16	
255	254	153	254	144	136	134	0	2	17	
255	254	152	254	96	134	133	0	2	18	
255	255	152	254	85	136	133	0	2	19	
255	255	153	254	108	136	133	0	2	20	
255	255	152	254	75	135	132	0	2	21	
255	255	151	254	23	135	132	0	2	23	
240	255	152	254	89	134	132	0	2	24	
0	255	151	254	71	135	131	0	2	25	
0	255	150	254	35	134	132	0	2	26	
0	255	154	254	109	134	132	0	2	27	
0	254	150	254	124	133	131	0	2	28	
0	254	149	254	79	134	130	0	2	29	
0	254	148	254	141	134	134	0	2	30	
0	255	151	254	164	133	132	0	2	31	
0	254	148	254	97	134	130	0	2	32	
0	254	147	254	154	134	130	0	2	33	
14	255	147	254	151	134	131	0	2	34	
254	255	146	254	72	134	130	0	2	35	
0	255	146	254	127	133	130	0	2	36	
254	255	145	254	66	134	129	0	2	37	
0	254	144	254	146	134	128	0	2	38	
0	255	145	254	152	132	129	0	2	39	
0	254	145	254	81	133	128	0	2	40	
0	255	143	254	190	133	128	0	2	42	
207	255	143	254	173	133	129	0	2	43	
255	255	143	254	105	133	128	0	2	44	
255	254	142	254	174	133	128	0	2	45	
254	254	145	254	180	132	128	0	2	46	
255	255	141	227	76	132	127	0	2	47	
255	254	140	162	184	132	128	0	2	48	
255	255	140	100	153	132	129	0	2	49	
254	254	140	47	95	131	128	0	2	50	
0	254	138	0	166	130	128	0	2	51	
255	255	139	0	152	131	127	0	2	52	
0	254	138	0	211	131	126	0	2	53	
134	254	138	0	239	130	127	0	2	54	
255	254	138	0	169	131	127	0	2	55	
0	254	137	0	207	131	126	0	2	57	
254	255	136	0	196	130	126	0	2	58	
0	254	136	0	100	130	126	0	2	59	
254	255	136	0	162	133	125	0	2	60	
31	254	136	0	164	130	127	0	2	61	
255	255	135	0	93	130	126	0	2	62	
254	255	134	0	141	130	125	0	2	63	
254	255	134	0	170	130	126	0	2	64	
254	254	137	0	97	130	129	0	2	65	
254	254	134	0	156	130	127	0	2	66	
254	255	133	0	170	130	127	0	2	67	
254	255	133	0	150	129	127	0	2	68	
255	255	132	0	157	130	126	0	2	69	
255	254	132	0	127	130	127	0	2	70	
254	254	132	0	130	129	127	0	2	71	
254	248	132	0	162	129	125	0	2	72	
255	242	132	0	172	129	126	0	2	73	
254	239	130	0	198	132	125	0	2	74	
255	235	131	0	208	128	125	0	2	75	
237	230	130	0	216	129	126	0	2	76	
254	222	129	0	122	128	126	0	2	77	
0	221	129	0	147	131	125	0	2	78	
0	216	133	0	103	128	126	0	2	79	
0	211	129	0	5	128	125	0	2	80	
0	206	129	0	49	128	124	0	2	81	
70	203	129	0	26	128	124	12	2	82	
207	195	129	0	0	129	127	15	2	83	
167	192	129	0	77	129	126	20	2	84	
254	187	129	0	85	128	126	25	2	85	
255	184	128	0	147	129	126	32	2	86	
254	180	128	0	163	129	126	35	2	87	
255	179	128	0	111	130	126	40	2	88	
254	176	127	0	153	128	126	44	2	89	
254	173	128	0	150	128	125	49	2	91	
161	167	126	0	80	127	126	53	2	92	
254	168	126	0	133	130	125	0	2	93	
152	165	127	0	151	127	125	97	2	94	
0	161	130	0	36	126	120	0	2	95	
0	157	128	0	126	126	121	0	2	96	
0	157	128	0	115	122	123	17	2	97	
0	152	128	0	83	127	129	59	2	98	
0	150	129	0	145	128	128	84	2	99	
0	148	128	0	164	127	127	98	2	100	
0	146	128	0	127	126	126	107	2	101	
0	143	127	0	186	126	123	115	2	102	
0	143	126	0	76	126	125	115	2	103	
0	141	126	0	156	127	126	117	2	104	
0	138	126	0	155	127	125	118	2	105	
0	137	125	0	67	126	127	122	2	106	
21	137	126	0	124	127	127	123	2	107	
11	135	126	0	154	127	126	123	2	108	
0	134	126	0	91	127	128	125	2	109	
9	131	126	0	126	125	127	126	2	110	
0	129	126	0	141	129	125	128	2	111	
0	127	126	0	90	127	126	129	2	112	
0	127	129	0	131	127	125	129	2	113	
0	127	126	0	136	127	125	130	2	114	
0	126	126	0	80	127	125	130	2	115	
255	124	126	0	96	126	116	0	2	116	
254	123	123	0	140	126	120	0	2	117	
254	122	125	0	161	126	122	0	2	118	
254	123	126	0	219	128	122	0	2	119	
255	123	126	0	198	126	124	0	2	120	
254	123	127	0	202	129	124	0	2	121	
254	123	127	0	236	128	124	0	2	122	
254	126	127	0	253	128	124	0	2	123	
0	254	128	0	203	130	125	0	2	125	
0	255	128	0	235	133	124	0	2	126	
0	254	129	0	201	132	126	0	2	127	
0	255	130	0	158	133	126	0	2	128	
254	254	132	0	184	133	127	0	2	129	
255	254	130	0	177	133	127	0	2	130	
255	255	130	0	115	131	130	0	2	131	
255	255	129	0	181	132	128	0	2	132	
255	255	132	12	171	132	129	0	2	133	
255	255	130	16	115	132	128	0	2	134	
254	254	129	24	150	132	127	0	2	135	
0	254	129	31	119	130	127	0	2	136	
72	254	129	40	18	132	126	0	2	137	
0	255	129	47	84	132	126	0	2	138	
255	254	129	53	61	131	127	0	2	139	
0	255	129	59	0	130	127	0	2	140	
39	255	129	66	20	133	125	0	2	141	
255	255	129	72	29	130	126	0	2	142	
255	0	128	77	0	130	126	0	2	143	
0	0	128	83	39	128	125	0	2	144	
254	0	127	88	69	131	131	0	2	145	
0	0	127	92	27	127	130	36	2	146	
42	0	130	106	95	129	131	87	2	147	
129	0	127	106	116	127	131	134	2	148	
254	0	127	110	58	128	132	210	2	149	
254	0	127	114	95	128	131	252	2	150	
254	0	128	119	50	128	128	254	2	151	
254	0	127	121	136	130	126	254	2	152	
254	0	127	125	145	129	126	254	2	153	
254	0	128	128	103	128	125	254	2	154	
254	0	127	131	165	130	124	254	2	155	
24	0	128	135	197	129	125	254	2	156	
0	0	130	137	101	128	125	254	2	157	
0	0	128	140	168	128	124	255	2	159	
170	0	128	143	172	132	126	254	2	160	
0	0	127	144	98	130	125	254	2	161	
0	0	133	146	119	129	125	254	2	162	
254	0	128	151	145	129	125	254	2	163	
255	0	128	150	116	129	128	255	2	164	
254	0	128	151	145	128	127	254	2	165	
254	0	129	153	186	129	126	254	2	166	
254	0	129	158	142	127	124	254	2	167	
254	0	128	156	153	129	125	255	2	168	
0	0	127	156	164	127	125	254	2	169	
254	0	127	157	156	128	125	255	2	170	
0	0	127	157	148	131	125	255	2	171	
80	0	128	160	169	129	125	255	2	172	
0	0	128	161	187	128	124	255	2	174	
0	0	128	162	112	128	125	255	2	175	
0	0	128	163	143	132	125	255	2	176	
0	0	132	163	102	128	124	254	2	177	
0	0	128	162	37	128	123	254	2	178	
254	0	127	164	97	127	124	254	2	179	
0	0	127	162	90	129	127	254	2	180	
96	155	131	162	46	128	126	255	2	181	
0	254	128	166	107	128	125	254	2	182	
254	254	128	163	114	127	125	254	2	183	
51	254	128	162	57	128	125	254	2	184	
255	254	128	162	129	129	126	255	2	185	
0	255	129	163	87	128	125	254	2	186	
0	255	130	162	146	128	125	254	2	187	
255	255	130	162	173	130	126	254	2	188	
255	255	131	161	139	128	126	255	2	189	
254	254	131	161	213	131	125	254	2	190	
254	255	132	161	231	129	126	254	2	191	
254	255	131	160	166	129	126	254	2	193	
255	255	130	160	233	129	125	254	2	194	
254	255	130	159	214	131	129	254	2	195	
255	254	132	159	81	129	128	255	2	196	
0	254	130	158	143	129	129	254	2	197	
164	254	129	157	100	128	129	254	2	198	
0	254	129	156	32	129	129	254	2	199	
0	254	130	155	86	126	129	254	2	200	
181	254	129	159	34	128	129	254	2	201	
252	254	128	154	108	129	128	254	2	202	
254	254	129	152	112	128	127	254	2	203	
181	255	128	153	30	128	126	254	2	204	
239	254	128	148	114	129	126	254	2	205	
66	254	128	151	121	129	126	254	2	206	
0	255	128	150	57	127	125	255	2	208	
255	255	128	149	102	128	125	255	2	209	
255	255	129	148	123	128	125	254	2	210	
180	255	130	149	91	132	126	255	2	211	
254	255	129	148	145	127	126	255	2	212	
254	254	128	148	165	128	126	254	2	213	
238	255	127	147	131	126	125	254	2	214	
254	0	131	146	145	128	128	254	2	215	
254	0	128	0	158	129	127	254	2	216	
254	0	129	196	116	128	126	255	2	217	
254	0	128	0	120	128	125	254	2	218	
254	0	128	0	167	129	126	254	2	219	
254	0	128	36	108	130	125	254	2	220	
254	0	127	0	161	129	124	254	2	221	
254	0	127	0	125	129	124	254	2	222	
254	0	126	0	64	130	125	254	2	223	
255	0	126	0	94	129	123	254	2	224	
255	0	127	0	87	130	124	254	2	225	
255	0	126	0	33	128	124	254	2	226	
0	0	126	0	79	127	123	254	2	227	
0	0	126	0	76	127	123	254	2	228	
0	0	127	0	5	128	124	254	2	229	
0	0	127	0	64	127	123	254	2	230	
0	0	126	0	70	128	123	254	2	231	
0	0	127	0	13	127	123	254	2	232	
0	0	124	0	99	128	125	254	2	233	
0	0	127	0	31	127	124	254	2	234	
0	0	127	0	133	128	124	254	2	235	
0	0	127	0	125	128	123	254	2	236	
0	0	127	0	60	128	124	254	2	237	
0	0	127	0	136	127	123	254	2	238	
0	0	126	0	123	128	123	254	2	239	
0	0	127	42	93	128	123	233	2	240	
0	0	127	171	160	125	119	177	2	242	
94	0	124	254	184	128	117	123	2	243	
101	0	125	158	115	127	117	71	2	244	
44	0	127	0	214	124	116	21	2	245	
174	0	126	0	218	126	120	0	2	246	
20	0	126	0	94	126	121	0	2	247	
199	0	126	0	171	127	123	0	2	248	
172	0	128	0	166	125	123	0	2	249	
254	0	126	0	68	126	123	0	2	250	
254	0	126	0	147	127	122	0	2	251	
254	0	125	0	171	127	121	0	2	252	
254	0	126	0	97	126	122	0	2	253	
254	45	126	0	166	126	122	0	2	254	
0	94	126	0	194	128	123	0	2	255	
254	139	126	19	134	126	122	0	2	0	
0	180	127	75	184	126	122	0	2	1	
0	221	127	131	197	130	123	0	2	2	
36	254	128	182	151	125	124	0	2	3	
0	254	126	232	151	127	123	0	3	4	
0	255	127	254	178	127	124	0	2	5	
0	255	127	254	80	128	125	0	2	6	
150	254	130	254	118	127	125	0	2	7	
254	254	126	254	146	127	124	0	2	8	
179	254	127	254	111	127	123	0	2	9	
38	255	127	254	144	127	126	0	2	10	
254	254	124	254	179	128	125	0	2	11	
0	254	127	254	143	125	123	0	2	12	
255	254	127	254	174	129	124	0	2	13	
0	254	127	254	178	128	124	0	2	14	
0	255	128	254	142	127	123	0	2	15	
255	254	128	254	178	129	124	0	2	16	
0	254	127	254	169	129	124	0	2	17	
255	254	129	254	109	127	124	0	2	18	
0	255	127	254	160	129	124	0	2	20	
255	255	128	254	161	131	125	0	2	21	
0	255	128	254	61	128	124	0	2	22	
254	254	131	254	75	128	125	0	2	23	
0	254	130	254	104	127	124	0	2	24	
0	254	129	254	25	127	126	0	2	25	
0	254	129	254	27	128	125	0	2	26	
0	254	129	254	51	128	124	0	2	27	
0	255	130	254	152	128	125	0	2	28	
0	254	130	254	196	128	125	0	2	29	
0	254	129	254	182	128	125	0	2	30	
0	254	129	254	244	128	127	0	2	31	
0	255	129	254	246	130	127	0	2	32	
255	254	129	254	175	127	127	0	2	33	
0	254	129	254	232	127	128	0	2	35	
0	254	128	254	210	128	128	0	2	36	
255	254	129	254	142	132	129	0	2	37	
121	254	129	254	178	127	127	0	2	38	
255	254	129	254	171	128	127	0	2	39	
196	254	128	254	98	128	125	0	2	40	
254	254	127	254	142	129	128	0	2	41	
13	254	130	254	137	128	126	0	2	42	
0	255	128	254	72	128	125	0	2	43	
255	254	128	222	134	127	125	0	2	44	
0	255	127	128	127	126	126	0	2	45	
0	255	127	0	58	128	124	0	2	46	
255	255	128	0	136	127	124	0	2	47	
254	255	127	0	76	128	125	0	2	48	
254	255	127	0	133	128	124	0	2	49	
254	255	128	0	170	128	126	0	2	50	
254	255	128	0	120	129	125	0	2	51	
254	254	128	0	147	129	124	0	2	52	
254	255	127	0	171	128	125	0	2	54	
254	255	128	0	174	128	125	0	2	55	
254	255	127	0	147	130	125	0	2	56	
254	255	131	0	191	129	125	0	2	57	
254	255	128	0	143	129	123	0	2	58	
254	255	127	0	119	129	124	0	2	59	
255	254	127	0	150	130	125	0	2	60	
93	254	129	0	151	129	124	0	2	61	
93	254	128	0	106	129	124	0	2	62	
255	255	127	0	180	130	124	0	2	63	
246	255	128	0	177	130	124	0	2	64	
255	255	127	0	125	129	124	0	2	65	
254	254	128	0	155	129	125	0	2	66	
173	255	127	15	138	129	124	0	2	67	
254	254	128	30	105	129	124	0	2	69	
0	255	127	45	112	129	124	0	2	70	
254	255	127	59	109	126	123	0	2	71	
0	254	129	75	11	131	123	0	2	72	
90	254	127	88	76	128	124	0	2	73	
247	255	127	102	56	128	123	0	2	74	
0	254	126	112	0	128	123	0	2	75	
177	254	131	124	29	128	126	0	2	76	
0	254	127	134	44	126	124	0	2	77	
0	254	127	149	0	127	123	3	2	78	
31	255	128	163	39	128	124	13	2	79	
0	255	128	172	46	128	126	16	2	80	
211	254	128	178	0	129	126	23	2	81	
0	255	128	184	65	129	126	30	2	82	
254	254	128	193	0	130	126	38	2	83	
0	248	129	201	105	129	126	42	2	84	
243	240	127	207	120	128	126	47	2	85	
255	235	128	212	75	129	126	55	2	86	
254	230	127	219	133	128	126	58	2	87	
254	223	127	222	151	129	126	64	2	88	
255	216	127	226	59	127	125	69	2	89	
254	212	131	230	141	130	126	73	2	90	
254	207	127	235	143	127	125	79	2	91	
254	201	126	237	81	127	125	82	2	92	
255	194	127	243	158	127	125	94	2	93	
254	190	127	246	195	128	128	91	2	94	
255	180	126	248	123	127	125	95	2	95	
255	176	126	248	187	128	125	98	2	96	
255	172	126	254	75	127	124	105	2	97	
0	169	125	254	105	127	123	106	2	98	
0	165	125	254	100	125	122	109	2	99	
0	161	125	255	63	126	106	112	2	100	
0	158	125	254	75	112	113	115	2	101	
0	155	125	254	131	118	111	118	2	103	
0	151	125	254	118	121	114	120	2	104	
77	148	125	254	129	0	116	122	2	105	
0	145	127	254	188	0	54	122	2	106	
0	143	126	255	165	0	30	123	2	107	
0	137	126	254	162	0	15	126	2	108	
0	136	125	254	202	0	9	127	2	109	
0	133	129	254	211	0	5	128	2	110	
9	129	125	254	121	0	2	131	2	111	
0	128	126	254	176	0	1	132	2	112	
153	125	125	254	142	0	1	136	2	113	
0	124	126	254	82	0	0	134	2	114	
0	123	125	254	162	0	0	134	2	115	
0	122	127	254	120	0	0	135	2	116	
0	120	128	254	161	0	0	137	2	117	
0	119	127	254	161	0	0	139	2	118	
0	118	129	254	119	0	0	137	2	119	
0	116	129	254	166	0	0	137	2	120	
0	116	130	254	187	0	0	139	2	121	
119	112	129	254	114	0	0	140	2	122	
0	111	128	254	195	0	0	142	2	123	
254	110	131	254	177	0	0	142	2	124	
183	110	129	254	114	0	0	142	2	125	
254	107	129	254	155	0	0	142	2	126	
254	107	128	254	148	0	0	145	2	127	
0	107	125	254	76	0	0	142	2	128	
254	107	128	254	136	0	0	143	2	129	
0	106	128	254	61	0	0	142	2	130	
0	105	128	254	137	0	0	146	2	131	
0	106	128	254	126	10	0	143	2	132	
251	105	128	254	68	100	7	143	2	133	
0	106	128	253	144	144	36	143	2	134	
255	254	128	248	180	185	72	141	2	135	
0	255	128	244	62	226	112	142	2	137	
255	36	128	240	161	254	152	142	2	138	
0	255	127	236	158	254	221	142	2	139	
254	255	131	233	121	254	236	142	2	140	
0	229	128	228	141	254	243	140	2	141	
0	117	127	225	167	254	247	141	2	142	
0	255	127	222	99	254	250	141	2	143	
0	0	130	219	162	254	250	139	2	144	
0	255	128	210	181	254	251	140	2	145	
254	254	128	211	135	254	251	142	2	146	
0	183	128	207	203	255	251	138	2	147	
0	45	127	204	233	255	252	137	2	148	
254	0	128	200	180	255	252	136	2	149	
0	0	127	197	204	255	251	135	2	150	
254	0	127	194	220	255	252	136	2	151	
254	0	127	192	152	254	252	135	2	152	
255	0	127	188	159	255	251	135	2	153	
255	0	128	186	172	254	252	134	2	154	
255	0	126	184	159	254	252	39	3	155	
255	0	126	180	121	254	249	0	2	156	
254	0	125	178	146	255	248	0	2	157	
254	0	129	176	117	254	249	0	2	158	
254	0	126	169	78	255	251	0	2	159	
255	0	126	168	115	255	251	0	2	160	
254	0	125	165	128	255	251	0	2	161	
254	0	126	164	95	254	252	0	2	162	
0	0	127	161	121	255	252	0	2	163	
18	0	126	159	73	255	251	0	2	164	
254	5	128	157	113	255	251	0	2	165	
255	10	128	153	114	255	252	254	2	166	
254	14	128	153	59	255	255	255	2	167	
254	21	127	151	165	254	255	0	2	168	
255	27	128	150	131	255	236	254	2	169	
255	32	126	149	110	254	255	254	2	171	
254	35	127	148	169	255	236	0	2	172	
254	43	126	145	183	255	255	254	2	173	
254	47	128	145	104	254	238	0	2	174	
255	54	126	143	175	254	255	0	2	175	
0	255	127	142	179	254	243	0	2	176	
255	254	126	140	53	255	246	0	2	177	
254	255	128	139	120	254	249	0	2	178	
254	255	127	136	96	254	250	0	2	179	
255	254	126	135	0	255	250	0	2	180	
254	255	126	134	89	254	251	0	2	181	
192	254	127	132	114	255	251	0	2	182	
0	255	126	130	6	254	251	0	2	183	
184	254	126	131	109	254	252	0	2	184	
255	254	127	130	125	254	252	0	2	186	
192	255	126	128	27	255	251	0	2	187	
255	255	126	127	91	255	252	0	2	188	
254	0	127	126	107	255	252	0	2	189	
254	64	127	126	11	255	251	0	2	190	
254	0	126	124	69	254	252	0	2	191	
254	231	126	124	90	255	252	0	2	192	
254	254	128	124	22	255	251	0	2	193	
0	255	126	121	67	255	252	6	2	194	
254	254	126	120	102	254	252	52	2	195	
0	254	127	120	90	255	252	94	2	196	
0	254	126	119	112	254	255	136	2	197	
255	254	127	119	105	254	255	172	2	198	
0	255	127	118	164	255	255	254	2	199	
0	254	127	120	171	255	255	255	2	200	
0	254	127	119	147	255	255	254	2	201	
254	254	128	119	158	255	255	254	2	202	
0	254	129	118	174	255	254	254	2	203	
0	255	129	118	154	255	253	255	2	205	
254	255	129	119	138	254	251	255	2	206	
255	254	128	118	175	254	252	255	2	207	
0	254	133	119	155	255	252	255	2	208	
48	255	130	254	131	255	252	255	2	209	
0	255	131	254	171	255	252	255	2	210	
0	254	131	254	142	255	251	255	2	211	
254	255	130	254	108	255	252	254	2	212	
0	254	131	254	146	254	252	254	2	213	
0	0	131	254	163	255	252	254	2	214	
0	0	131	254	91	255	252	255	2	215	
254	0	130	254	178	255	252	255	2	216	
0	0	129	254	152	254	252	254	2	217	
0	0	129	254	123	254	252	254	2	218	
0	0	129	254	162	254	252	254	2	220	
0	0	129	254	173	255	252	255	2	221	
0	0	128	254	111	248	251	255	2	222	
0	0	132	254	172	241	247	254	2	223	
0	0	128	254	176	237	242	254	2	224	
163	0	128	254	83	231	238	254	2	225	
0	0	127	254	145	227	234	255	2	226	
254	0	130	254	138	219	229	255	2	227	
0	0	127	254	89	213	223	254	2	228	
254	0	128	254	164	206	218	255	2	229	
0	0	127	254	178	205	211	254	2	230	
38	56	127	254	119	200	206	254	2	231	
105	255	127	254	177	195	203	255	2	232	
0	255	128	254	62	188	199	254	2	233	
160	254	128	254	116	185	193	254	2	234	
0	254	127	254	114	179	189	254	2	235	
139	254	128	254	10	169	184	255	2	236	
0	255	128	254	73	170	178	255	2	237	
254	255	126	248	78	167	175	254	2	238	
66	255	127	180	35	163	172	254	2	239	
254	255	126	114	105	158	168	254	2	240	
105	255	130	55	130	154	162	254	2	241	
254	255	126	0	77	152	158	216	2	242	
11	255	125	0	150	149	153	148	2	243	
0	254	125	0	147	148	149	115	2	244	
254	255	124	0	85	146	145	86	2	245	
67	255	125	0	108	143	144	58	2	246	
0	255	124	0	61	138	142	34	2	247	
216	254	125	0	106	136	138	6	2	248	
0	254	125	0	132	135	137	0	2	249	
32	255	125	0	39	131	135	0	2	250	
254	255	125	0	79	132	133	0	2	251	
218	255	125	0	106	128	134	0	2	252	
254	252	125	0	92	126	133	0	2	254	
0	221	124	0	71	123	130	0	2	255	
0	190	124	0	140	125	127	0	2	0	
0	160	125	0	107	124	126	0	2	1	
0	133	125	0	66	123	126	0	2	2	
0	111	125	0	110	126	124	0	2	3	
0	89	124	0	88	118	120	0	2	4	
0	43	127	0	53	119	120	0	2	5	
181	25	125	0	113	118	120	0	2	6	
0	4	125	0	118	118	120	0	2	7	
255	0	125	0	71	117	121	0	2	8	
0	0	125	0	139	117	120	0	2	9	
254	0	126	0	119	116	119	0	2	10	
203	0	124	0	155	114	118	0	2	11	
254	0	125	0	150	114	117	0	2	12	
94	0	126	0	116	115	116	0	2	13	
254	0	125	0	128	119	117	0	2	14	
0	0	126	0	115	120	117	0	2	15	
254	0	125	0	65	122	119	0	2	16	
254	0	125	0	117	127	120	0	2	17	
0	0	125	0	129	147	123	0	2	18	
254	0	129	0	89	181	138	0	2	19	
24	0	126	0	143	195	162	0	2	20	
254	0	126	0	148	191	179	0	2	21	
125	0	125	0	97	186	183	0	2	22	
254	0	124	0	141	189	185	0	2	23	
19	0	127	0	79	189	187	0	2	24	
255	0	126	0	153	190	188	0	2	25	
50	0	127	0	157	191	190	0	2	26	
254	0	126	0	96	193	191	0	2	27	
195	0	127	0	154	193	191	0	2	28	
254	0	126	0	167	194	193	0	2	29	
254	0	128	0	80	193	194	0	2	30	
254	0	127	0	180	192	194	0	2	32	
254	0	127	0	170	191	192	0	2	33	
254	0	127	0	103	191	192	0	2	34	
254	0	130	0	145	190	192	0	2	35	
254	0	126	0	163	190	191	0	2	36	
0	0	127	0	98	187	188	0	2	37	
0	0	127	0	151	188	188	0	2	38	
254	0	128	0	177	186	188	0	2	39	
0	0	127	0	91	184	186	0	2	40	
254	0	127	0	147	183	186	0	2	41	
254	0	127	0	150	182	184	0	2	42	
254	0	126	0	113	179	183	0	2	43	
36	0	127	0	132	179	182	0	2	44	
254	0	126	0	157	179	181	0	2	45	
139	11	128	0	118	177	179	0	2	46	
0	68	128	0	84	174	179	0	2	47	
0	125	128	0	130	173	177	0	2	48	
253	178	130	0	92	174	174	0	3	49	
0	227	128	0	77	172	174	0	2	50	
0	254	129	0	120	169	170	0	2	51	
254	255	127	0	129	168	169	0	2	52	
0	254	129	0	89	168	168	0	2	53	
0	254	128	0	144	166	166	0	2	54	
254	254	127	0	135	165	164	0	2	55	
254	254	127	0	85	163	163	0	2	56	
0	254	127	0	132	162	161	0	2	57	
152	254	127	0	98	161	160	0	2	58	
0	254	127	0	162	159	159	0	2	59	
255	254	126	0	185	158	159	0	2	60	
254	254	126	0	136	153	157	0	2	61	
254	254	126	0	209	154	157	0	2	62	
254	254	125	0	213	153	155	0	2	63	
0	255	127	0	139	151	153	4	2	64	
255	254	128	0	209	149	151	9	2	66	
0	255	127	0	186	149	150	15	2	67	
254	255	127	0	135	148	150	20	2	68	
0	255	131	0	171	147	148	31	2	69	
0	255	127	0	174	145	145	34	2	70	
0	254	127	0	88	144	146	40	2	71	
254	255	127	0	193	144	145	44	2	72	
59	255	129	0	172	142	144	53	2	73	
254	255	127	0	84	141	143	53	2	74	
254	255	127	0	155	140	142	57	2	75	
254	255	126	0	171	139	140	61	2	76	
254	255	127	0	94	137	141	64	2	77	
254	254	126	0	170	137	140	68	2	78	
254	255	126	0	179	136	139	71	2	79	
254	255	126	0	114	136	138	74	2	81	
254	255	126	0	159	133	138	77	2	82	
255	254	126	0	156	135	137	80	2	83	
0	254	130	0	124	134	137	84	2	84	
185	254	125	0	169	134	136	88	2	85	
0	254	126	0	188	134	133	89	2	86	
221	255	125	0	149	132	134	91	2	87	
0	255	128	0	196	133	134	93	2	88	
255	254	125	0	195	132	134	97	2	89	
0	254	124	0	130	130	133	99	2	90	
0	254	124	0	183	130	132	99	2	91	
0	254	125	0	186	131	132	103	2	92	
0	254	125	0	166	129	132	106	2	93	
0	254	124	0	170	129	132	107	2	94	
0	254	124	0	120	129	130	108	2	95	
0	255	125	11	138	128	130	109	2	96	
0	213	124	20	143	127	130	112	2	97	
0	167	126	30	123	129	129	115	2	98	
136	128	124	39	138	127	129	115	2	100	
0	92	124	48	139	125	128	115	2	101	
239	53	124	56	132	126	128	117	2	102	
254	16	128	64	105	126	128	118	2	103	
0	0	124	81	130	126	128	122	2	104	
255	0	125	86	131	126	126	121	2	105	
123	0	124	93	118	125	126	122	2	106	
254	0	125	98	140	125	126	125	2	107	
255	0	124	108	110	127	126	127	2	108	
254	0	124	110	131	125	126	125	2	109	
139	0	124	116	139	126	127	124	2	110	
0	0	124	120	107	124	126	125	2	111	
254	0	123	122	149	125	126	126	2	112	
0	0	124	129	124	124	125	127	2	113	
79	0	126	133	86	125	125	126	2	115	
254	0	124	137	101	124	125	0	2	116	
254	0	125	140	99	120	115	0	2	117	
254	0	128	145	60	123	119	0	2	118	
254	0	126	147	99	125	121	0	2	119	
254	0	125	152	104	123	122	0	2	120	
254	0	125	154	64	123	120	0	2	121	
254	0	128	156	102	123	122	0	2	122	
254	0	126	163	85	122	122	0	2	123	
254	0	125	164	37	121	122	0	2	124	
254	0	126	166	70	121	122	0	2	125	
254	0	126	169	83	123	122	0	2	126	
0	254	127	171	77	121	121	0	2	127	
254	254	126	174	79	121	122	0	2	128	
0	254	129	175	34	120	121	0	2	129	
0	255	127	175	115	120	121	0	2	130	
12	254	127	177	120	115	122	0	2	131	
0	254	130	177	100	119	120	0	2	132	
219	254	127	177	133	120	120	0	2	133	
0	254	126	179	148	120	120	0	2	134	
254	78	126	178	79	116	116	0	2	135	
255	0	131	178	108	119	119	0	2	136	
0	0	128	181	105	119	119	0	2	137	
255	0	129	178	20	119	119	56	2	138	
0	0	128	179	68	120	119	254	2	139	
254	0	127	149	35	118	135	254	2	140	
0	0	130	0	0	118	127	254	2	141	
254	0	131	0	9	118	123	255	2	142	
254	0	131	136	0	118	121	254	2	143	
0	0	131	0	2	117	119	255	2	144	
254	0	130	0	43	117	119	254	2	145	
0	0	130	95	11	118	118	254	2	146	
254	0	130	182	52	119	117	254	2	147	
46	0	129	227	101	119	117	255	2	149	
254	0	129	248	119	117	116	254	2	150	
67	0	129	254	100	119	117	254	2	151	
254	0	129	254	187	118	117	254	2	152	
254	0	128	254	169	119	117	255	2	153	
254	0	128	254	104	123	117	255	2	154	
254	0	128	251	141	120	118	255	2	155	
254	0	129	247	156	120	119	255	2	156	
254	0	127	244	74	120	119	254	2	157	
255	0	126	239	144	120	121	255	2	158	
138	0	126	234	155	122	121	255	2	159	
254	0	127	230	126	121	120	254	2	160	
255	0	126	227	175	121	121	254	2	161	
254	0	127	222	188	122	120	254	2	162	
254	0	126	218	188	122	120	254	2	163	
255	0	126	215	218	120	121	255	2	164	
254	19	127	211	231	120	121	254	2	165	
254	77	127	208	183	121	120	254	2	166	
254	131	126	204	228	120	121	254	3	167	
254	183	126	0	214	120	120	254	2	168	
254	232	126	0	102	120	121	254	2	169	
254	255	127	0	181	119	120	254	2	170	
254	254	127	0	165	120	120	254	2	171	
253	255	126	0	54	119	120	254	2	172	
254	255	126	120	116	119	121	254	2	173	
254	255	123	206	114	119	121	254	2	174	
254	255	127	249	135	121	122	255	2	175	
255	255	127	254	140	120	121	255	2	176	
255	254	127	254	97	119	121	254	2	177	
255	255	127	254	181	118	121	255	2	178	
255	255	127	254	182	119	121	254	2	179	
254	255	127	254	142	118	120	254	2	180	
255	254	128	254	181	118	120	248	2	181	
254	254	127	254	209	119	117	222	2	183	
128	255	127	248	135	121	105	195	2	184	
239	255	127	243	212	120	113	0	2	185	
255	254	128	237	206	122	122	0	2	186	
0	255	127	232	115	120	118	0	2	187	
0	254	126	226	166	121	120	0	2	188	
0	255	127	221	172	255	192	3	2	189	
0	255	128	217	90	255	221	0	2	190	
0	254	128	213	151	254	236	13	2	191	
0	254	128	208	178	254	247	65	2	192	
0	254	128	204	113	254	251	89	2	193	
0	255	128	200	145	255	252	97	2	194	
0	254	129	196	158	255	251	91	2	195	
0	254	128	192	135	255	251	60	2	196	
0	255	128	188	149	254	246	0	2	198	
0	254	128	184	186	254	248	80	2	199	
0	255	128	181	159	254	243	0	2	200	
0	254	129	177	155	255	247	0	2	201	
85	255	128	174	166	255	249	0	2	202	
255	254	128	171	169	254	250	0	2	203	
254	255	128	168	156	254	252	11	2	204	
255	255	129	165	176	255	253	25	2	205	
254	254	128	159	205	255	252	26	2	206	
255	255	127	157	124	255	252	19	2	207	
254	254	127	153	188	255	251	11	2	208	
254	254	127	151	151	254	251	5	2	209	
255	255	127	149	123	255	251	0	2	210	
254	209	126	146	126	255	251	0	2	211	
254	173	126	143	47	255	251	0	2	212	
255	136	126	141	108	0	251	0	2	213	
254	99	125	139	94	0	116	0	2	214	
254	63	125	137	16	0	61	0	2	215	
254	29	124	135	99	0	34	0	2	217	
254	0	124	135	102	0	10	0	2	218	
63	0	124	133	55	0	5	0	2	219	
0	0	125	131	117	0	3	0	2	220	
0	0	124	130	128	0	1	0	2	221	
0	0	123	129	72	0	1	0	2	222	
0	0	124	127	155	0	0	0	2	223	
0	0	124	124	164	0	0	0	2	224	
254	0	123	124	88	0	0	0	2	225	
51	0	124	125	179	0	0	0	2	226	
254	0	124	121	158	0	0	0	2	227	
254	0	123	121	109	0	0	0	2	228	
254	0	124	121	139	0	0	0	2	229	
227	0	124	118	153	0	0	0	2	230	
43	0	126	120	57	0	0	0	2	232	
254	0	126	118	150	0	0	0	2	233	
110	0	126	119	155	0	0	0	2	234	
188	0	126	118	47	0	0	0	2	235	
254	0	127	117	128	0	0	0	2	236	
0	0	127	117	119	0	0	0	2	237	
40	0	126	116	66	0	0	0	2	238	
0	0	127	116	109	0	0	0	2	239	
0	0	126	117	144	0	0	0	2	240	
254	0	126	116	73	0	0	0	2	241	
254	0	125	116	135	0	0	0	2	242	
254	0	126	116	166	0	0	0	2	243	
254	0	126	115	97	0	0	0	2	244	
254	0	126	118	156	0	0	0	2	245	
254	254	126	115	113	0	0	0	2	246	
254	254	126	115	94	0	0	0	2	247	
89	254	126	115	129	0	0	0	2	248	
234	254	126	115	96	0	0	0	2	249	
234	255	127	116	117	0	0	5	2	250	
0	255	127	116	148	0	0	6	2	251	
233	255	126	116	163	0	0	8	2	252	
87	255	129	117	110	0	0	13	2	253	
30	255	127	117	150	0	0	15	2	254	
131	254	126	119	133	0	0	20	2	255	
73	255	126	117	94	0	0	22	2	0	
254	255	126	117	130	0	0	25	2	1	
0	255	126	117	125	0	0	28	2	2	
254	254	126	118	134	0	3	33	2	3	
254	254	125	118	125	38	23	33	2	4	
0	254	125	118	85	73	51	35	2	5	
0	254	125	117	130	138	83	39	2	6	
0	255	126	114	140	170	113	41	2	7	
0	254	125	118	114	197	144	44	2	8	
0	254	125	118	180	225	174	45	2	10	
0	254	126	118	162	248	201	49	2	11	
0	254	126	118	130	254	226	52	2	12	
0	254	128	119	170	255	239	55	2	13	
0	254	126	120	183	255	245	57	2	14	
255	254	126	121	88	254	248	62	2	15	
0	255	126	120	178	254	251	62	2	16	
0	255	128	120	171	255	251	65	2	17	
0	254	126	123	96	255	251	68	2	18	
0	254	126	121	142	255	252	70	2	19	
0	254	125	122	141	255	252	73	2	20	
0	254	125	121	57	254	251	73	2	21	
0	254	126	123	138	254	252	76	2	22	
0	0	125	123	19	254	252	79	2	23	
0	0	126	121	113	255	251	80	2	24	
0	0	125	122	109	255	252	81	2	25	
81	0	125	122	8	254	252	83	2	26	
0	0	128	122	118	255	251	85	2	27	
254	0	124	122	143	255	252	88	2	28	
0	0	125	123	56	254	252	88	2	29	
254	0	124	122	124	255	253	90	2	30	
254	0	128	123	148	254	252	91	2	31	
194	0	125	128	82	255	251	94	2	32	
254	0	124	124	139	255	252	98	2	33	
0	0	125	123	162	255	252	97	2	34	
254	0	122	124	128	255	252	99	2	35	
0	0	125	127	186	254	252	101	2	36	
255	0	125	124	138	254	252	105	2	37	
254	0	125	125	112	255	252	103	2	38	
0	0	125	125	125	255	252	106	2	39	
254	0	125	125	97	255	252	105	2	40	
254	191	124	125	80	254	251	107	2	41	
0	255	126	125	94	255	252	108	2	42	
129	255	125	125	60	254	252	108	2	44	
254	254	125	126	60	255	252	109	2	45	
0	254	124	126	120	254	252	110	2	46	
254	254	129	125	128	255	252	112	2	47	
146	254	125	128	92	254	252	115	2	48	
0	254	125	127	166	255	253	116	2	49	
0	254	126	127	144	254	252	116	2	50	
0	254	128	127	88	254	252	118	2	51	
255	255	126	131	117	254	252	121	2	52	
48	254	126	129	96	254	251	120	2	53	
255	255	125	130	32	254	251	120	2	54	
0	255	126	129	101	254	252	121	2	55	
255	255	126	129	87	254	251	117	2	56	
255	255	125	131	11	254	251	120	2	57	
254	255	125	130	99	255	252	120	2	58	
254	255	126	129	110	254	252	120	2	59	
165	254	125	130	44	254	251	122	2	60	
254	255	127	129	130	254	252	122	2	61	
0	255	126	130	148	254	252	121	2	62	
254	255	126	130	81	254	252	122	2	63	
254	254	125	130	160	254	252	121	2	64	
254	254	128	129	166	254	251	122	2	65	
254	254	126	131	79	254	252	124	2	66	
0	254	127	130	160	254	252	122	2	67	
255	255	128	130	176	254	251	123	2	68	
0	0	127	130	78	254	252	122	2	69	
254	0	128	131	154	254	252	126	2	70	
254	0	128	130	53	254	251	123	2	71	
254	0	128	130	137	254	252	122	2	72	
254	0	128	130	157	254	252	123	2	73	
254	0	127	130	62	254	251	124	2	74	
122	0	127	130	143	254	252	124	2	75	
116	137	129	131	172	254	252	123	2	76	
254	255	128	131	96	254	253	124	2	78	
254	254	128	132	170	255	252	124	2	79	
254	254	127	131	193	252	249	125	2	80	
254	254	129	131	137	244	245	124	2	81	
255	254	128	132	191	239	240	123	2	82	
254	254	127	132	191	234	235	123	2	83	
254	254	126	131	129	228	231	123	2	84	
254	255	128	130	166	224	227	127	2	85	
181	255	127	135	179	218	222	124	2	86	
0	255	127	131	155	212	217	123	2	87	
255	255	126	131	166	208	212	121	2	88	
0	255	127	131	195	202	207	124	2	89	
254	255	126	131	155	199	203	123	2	90	
0	255	126	130	135	195	199	123	2	91	
254	255	126	131	159	191	194	122	2	93	
0	254	127	131	142	186	190	123	2	94	
255	254	127	130	104	182	186	123	2	95	
0	255	129	131	166	179	183	122	2	96	
254	254	126	130	157	176	179	122	2	97	
3	255	126	131	113	171	175	121	2	98	
254	235	126	131	165	168	171	122	2	99	
34	203	129	130	157	165	168	122	2	100	
254	171	126	132	122	161	166	123	2	101	
0	146	125	130	180	158	162	122	2	102	
254	119	126	130	193	155	159	121	2	103	
254	95	125	130	114	152	157	120	2	104	
0	71	125	132	159	151	154	123	2	105	
255	48	125	129	120	147	152	121	2	106	
255	27	125	129	159	145	149	121	2	107	
0	8	126	129	175	139	147	120	2	108	
0	0	126	130	90	138	144	120	2	109	
255	0	126	130	150	136	142	121	2	110	
0	0	125	129	151	135	140	121	2	112	
254	0	125	130	73	132	135	121	2	113	
0	0	125	129	148	131	134	120	2	114	
254	0	129	129	154	130	132	119	2	115	
0	0	125	130	90	129	132	121	2	116	
255	0	125	129	172	127	128	120	2	117	
0	0	125	130	161	125	127	120	2	118	
254	0	125	129	71	124	126	119	2	119	
0	0	125	132	132	123	125	124	2	120	
255	0	124	129	126	121	124	120	2	121	
0	0	125	128	42	122	124	119	2	122	
0	0	126	129	108	120	122	120	2	123	
0	0	125	126	113	119	121	119	2	124	
16	0	124	129	15	119	121	119	2	125	
55	0	126	129	110	118	120	121	2	127	
61	0	125	130	125	116	119	120	2	128	
35	0	125	129	136	113	117	119	2	129	
0	0	128	129	0	115	117	119	2	130	
255	0	126	129	79	114	116	120	2	131	
203	0	125	130	28	114	115	120	2	132	
0	0	126	130	0	114	113	119	2	133	
254	0	128	130	0	113	114	120	2	134	
0	0	126	134	98	113	114	118	2	135	
254	0	125	130	174	113	114	124	2	136	
0	0	126	130	208	112	114	120	2	137	
254	0	126	129	218	112	113	119	2	138	
0	0	126	132	254	112	113	119	2	139	
0	0	126	129	225	110	113	121	2	140	
0	0	126	130	230	112	113	119	2	141	
0	0	126	130	227	111	112	121	2	142	
0	0	126	129	199	109	112	121	2	143	
0	0	128	130	209	110	112	122	2	144	
0	11	126	131	205	113	111	122	2	145	
0	0	126	131	161	112	112	121	2	146	
0	0	126	131	200	109	111	122	2	147	
0	0	130	131	181	111	111	122	2	148	
0	0	126	134	163	111	111	122	2	149	
0	0	126	133	181	111	112	122	2	150	
254	0	125	130	174	112	109	121	2	151	
97	0	126	130	97	111	111	120	2	152	
0	0	125	133	145	112	112	120	2	153	
155	0	126	130	30	111	112	122	2	154	
0	0	125	131	129	112	113	121	2	155	
245	0	125	130	89	112	113	120	2	156	
0	0	125	127	28	111	113	119	2	157	
254	0	126	130	77	113	113	119	2	158	
254	0	125	130	98	113	114	120	2	159	
0	2	126	129	3	114	113	120	2	161	
0	4	127	130	88	111	114	119	2	162	
0	6	127	130	97	113	114	119	2	163	
0	8	129	129	2	114	115	119	2	164	
0	14	127	130	77	114	115	119	2	165	
0	14	127	129	79	120	112	120	2	166	
0	19	127	130	0	115	115	119	2	167	
0	23	126	134	75	115	115	119	2	168	
0	25	127	129	100	115	114	118	2	169	
0	28	126	129	17	115	114	122	2	170	
0	31	126	129	82	116	114	120	2	171	
0	33	126	130	91	116	114	120	2	172	
0	36	126	129	106	116	115	118	2	173	
0	38	125	128	146	116	115	120	2	174	
0	41	125	128	89	117	114	119	2	175	
0	0	125	129	140	117	117	119	2	176	
0	0	125	128	165	118	117	118	2	177	
0	0	126	128	87	117	116	118	2	178	
0	0	125	128	133	119	118	118	2	179	
0	0	125	128	138	117	117	118	2	180	
254	0	125	128	89	119	119	119	2	181	
254	0	128	130	107	119	119	118	2	182	
254	0	125	128	125	119	118	118	2	183	
254	0	125	128	90	120	119	123	2	184	
254	0	125	129	87	120	119	119	2	185	
254	0	122	131	134	120	120	120	2	186	
254	0	126	129	116	120	120	118	2	187	
254	0	126	129	149	119	120	122	2	188	
254	0	125	129	138	120	120	119	2	189	
254	0	126	129	109	117	120	119	2	190	
254	0	126	129	161	119	121	119	2	191	
254	0	125	129	170	119	120	118	2	192	
254	0	127	129	120	119	121	118	2	193	
254	0	126	129	182	118	121	119	2	195	
254	0	125	129	162	119	121	120	2	196	
255	0	126	129	111	120	122	119	2	197	
254	0	129	130	150	120	122	119	2	198	
255	0	126	129	179	120	120	121	2	199	
255	0	126	129	127	120	122	119	2	200	
255	0	126	129	215	120	122	120	2	201	
255	0	128	132	206	119	121	119	2	202	
254	0	126	130	144	120	122	124	2	203	
254	0	126	129	190	120	122	119	2	204	
255	0	126	129	178	121	121	120	2	205	
254	36	127	131	85	121	122	121	2	206	
254	103	126	129	148	121	122	117	2	207	
254	165	126	130	150	120	121	119	2	208	
254	223	126	129	29	122	123	119	2	209	
254	254	125	128	115	120	123	119	2	210	
255	254	126	130	118	121	122	120	2	211	
248	255	130	128	20	122	124	119	2	212	
0	254	127	132	106	123	120	118	2	213	
254	254	125	130	122	121	123	121	2	214	
0	254	126	128	30	122	123	119	2	215	
0	255	129	131	126	122	123	120	2	216	
144	254	125	129	126	122	123	120	2	217	
254	254	126	129	47	123	123	119	2	218	
0	254	125	128	142	122	123	120	2	219	
0	254	125	131	147	123	124	120	2	220	
210	255	126	129	138	122	124	122	2	221	
88	255	125	129	153	122	123	119	2	222	
254	255	129	132	87	122	125	118	2	223	
254	255	126	129	137	122	124	119	2	224	
255	254	126	129	175	123	124	120	2	225	
208	254	126	129	111	122	125	119	2	226	
254	254	126	129	191	123	124	119	2	227	
27	255	126	129	185	122	124	119	2	229	
103	254	125	129	141	123	124	120	2	230	
143	255	127	129	148	123	124	120	2	231	
0	254	126	130	177	123	124	119	2	232	
0	255	125	130	146	123	124	121	2	233	
254	254	126	129	180	123	124	121	2	234	
0	254	127	129	203	124	124	122	2	235	
255	255	126	131	180	123	124	123	2	236	
0	254	126	131	179	123	124	122	2	237	
254	254	125	131	181	123	124	122	2	238	
0	254	126	131	200	123	124	122	2	239	
0	254	126	130	154	123	124	122	2	240	
0	254	126	132	195	123	124	121	2	241	
0	255	126	132	175	122	124	120	2	242	
0	255	126	131	144	124	124	120	2	244	
254	254	125	130	146	121	124	122	2	245	
254	255	128	130	156	124	125	120	2	246	
0	254	126	130	125	124	125	119	2	247	
254	254	126	131	156	124	124	119	2	248	
254	255	125	130	175	124	125	120	2	249	
255	254	128	130	108	123	125	121	2	250	
254	254	125	131	161	124	125	119	2	251	
254	255	126	130	139	124	124	121	2	252	
254	255	126	130	54	124	124	119	2	253	
254	254	127	129	108	123	123	120	2	254	
254	254	127	132	95	124	125	120	2	255	
254	255	128	129	70	123	125	121	2	0	
0	254	128	130	68	124	124	120	2	1	
254	254	128	129	0	123	125	119	2	2	
0	254	129	130	61	123	124	120	2	3	
0	254	129	131	75	123	123	121	2	4	
0	254	128	129	0	124	123	120	2	5	
0	255	127	130	83	123	120	120	2	7	
0	254	127	131	95	121	121	120	2	8	
0	254	131	130	0	123	121	120	2	9	
61	254	127	131	80	122	120	122	2	10	
254	254	127	130	92	123	122	121	2	11	
255	254	127	130	0	123	122	119	2	12	
254	254	126	129	110	123	122	119	2	13	
254	254	126	132	110	123	124	119	2	14	
242	254	125	129	115	124	124	123	2	15	
0	254	125	129	119	124	123	120	2	16	
0	254	126	128	68	123	124	118	2	17	
85	255	126	125	126	125	124	118	2	18	
0	255	125	129	131	123	123	120	2	19	
0	255	126	128	76	123	124	119	2	20	
0	255	127	129	127	125	124	119	2	22	
0	254	127	129	153	124	194	120	2	23	
0	254	129	130	112	254	222	120	2	24	
0	254	129	130	149	254	236	121	2	25	
0	254	128	131	179	254	243	121	2	26	
0	255	128	132	112	254	248	122	2	27	
103	254	129	131	148	254	250	120	2	28	
0	0	127	133	170	254	250	122	2	29	
0	0	127	130	158	255	251	122	2	30	
24	0	127	130	156	255	252	123	2	31	
0	0	127	129	194	255	251	120	2	32	
0	0	127	132	199	255	252	120	2	33	
0	0	127	129	183	255	252	120	2	34	
254	0	127	130	137	255	251	121	2	35	
0	0	127	129	79	254	251	120	2	36	
0	0	127	129	136	255	252	120	2	37	
42	0	127	129	133	255	251	120	2	38	
0	0	127	129	68	254	251	118	2	39	
255	0	124	129	125	254	252	120	2	40	
46	0	125	129	123	255	252	119	2	41	
254	0	129	127	45	254	252	119	2	42	
0	0	125	131	109	255	252	118	2	43	
255	0	125	128	109	254	251	118	2	44	
0	0	125	128	30	254	252	120	2	45	
0	0	124	128	94	254	252	118	2	46	
254	0	125	131	100	255	251	118	2	47	
254	0	124	128	157	255	252	118	2	48	
142	0	124	127	175	254	252	122	2	49	
0	0	124	127	99	254	245	119	2	50	
254	0	124	127	209	249	215	120	2	51	
0	0	124	127	190	147	175	118	2	52	
102	0	124	127	124	96	130	117	2	53	
254	0	124	127	177	51	86	119	2	54	
254	0	125	127	196	9	24	119	2	56	
254	0	125	127	101	0	14	118	2	57	
255	0	127	127	210	0	7	118	2	58	
254	0	125	128	193	0	3	118	2	59	
255	19	125	128	131	0	2	119	2	60	
254	0	124	128	180	0	1	119	2	61	
254	0	127	127	187	0	0	118	2	62	
254	0	124	132	80	0	0	119	2	63	
