17	18	21	23	26	27	29	28	2	165	
0	9	15	19	22	24	28	28	2	166	
0	4	8	15	19	21	26	27	2	167	
4	5	5	12	15	18	23	25	2	168	
0	2	3	9	12	15	17	23	2	169	
0	1	2	6	9	12	14	20	2	170	
0	0	1	3	7	9	11	17	2	171	
0	0	3	3	5	7	9	15	2	172	
3	3	5	5	5	6	8	11	2	173	
13	7	5	5	5	6	7	10	2	174	
0	4	10	8	7	6	7	9	2	175	
23	14	24	15	11	7	7	8	2	176	
57	37	34	24	18	9	8	8	2	177	
54	45	45	34	26	14	11	10	2	178	
61	54	57	45	36	29	16	13	2	179	
80	68	70	57	47	39	23	18	2	180	
91	81	77	67	57	49	32	24	2	182	
87	84	89	78	68	59	41	32	2	183	
113	100	105	91	79	70	61	40	2	184	
135	118	109	99	89	81	71	50	2	185	
130	114	117	108	98	90	82	59	2	186	
127	124	120	113	106	99	91	70	2	187	
117	124	119	116	110	105	98	87	2	188	
138	119	126	121	115	110	104	94	2	189	
206	170	149	135	125	118	112	102	2	190	
206	188	169	151	138	129	121	110	2	191	
255	223	197	174	157	145	134	121	2	192	
255	238	218	195	176	162	149	134	2	193	
255	246	232	212	194	180	166	149	2	194	
255	250	241	225	210	196	181	163	2	195	
255	251	245	234	221	209	196	177	2	197	
255	252	248	240	230	219	207	190	2	198	
255	252	249	243	235	227	217	201	2	199	
255	252	249	245	239	233	225	211	2	200	
255	252	250	246	242	237	231	219	2	201	
255	252	249	247	243	239	234	225	2	202	
255	252	249	247	244	241	237	229	2	203	
255	252	249	247	244	241	238	231	2	204	
255	252	249	246	244	241	238	233	2	205	
255	252	249	246	244	241	239	234	2	206	
255	252	249	247	244	241	239	236	2	207	
254	252	249	247	244	242	239	236	2	208	
255	252	249	247	244	242	239	237	2	209	
254	252	249	246	244	242	239	236	2	210	
255	252	249	246	244	241	239	236	2	211	
255	252	249	246	244	241	239	236	2	212	
255	252	249	247	244	241	239	236	2	213	
255	252	249	247	244	242	239	237	2	214	
255	252	249	247	244	242	239	237	2	216	
255	252	246	246	244	241	239	237	2	217	
247	246	242	244	243	240	239	236	2	218	
237	241	235	242	241	239	237	236	2	219	
220	231	228	237	238	237	236	235	2	220	
202	224	218	224	234	234	234	235	2	221	
192	212	207	215	228	229	230	233	2	222	
172	199	194	203	220	223	225	227	2	223	
210	196	194	198	210	214	217	221	2	224	
144	163	175	185	192	206	210	215	2	225	
99	131	151	167	177	197	201	208	2	226	
143	137	143	155	165	184	191	199	2	227	
96	112	125	139	150	172	180	189	2	228	
98	104	113	125	135	144	167	177	2	229	
110	106	108	116	124	131	153	165	2	231	
75	86	94	103	112	119	140	152	2	232	
88	88	91	96	103	109	127	139	2	233	
113	101	96	96	98	102	116	128	2	234	
103	100	97	95	96	98	107	118	2	235	
142	102	99	96	95	95	101	110	2	236	
169	125	112	104	99	97	97	103	2	237	
165	147	130	116	108	102	96	99	2	238	
178	167	143	129	118	110	98	99	2	239	
141	153	155	146	130	121	104	101	2	240	
152	152	153	149	138	130	113	107	2	241	
143	146	153	148	143	137	121	113	2	242	
146	145	148	146	145	141	129	120	2	243	
141	141	146	144	143	142	135	126	2	244	
128	134	142	140	141	142	138	130	2	245	
158	147	137	140	140	140	139	134	2	246	
133	137	142	139	139	140	139	135	2	247	
140	138	138	138	137	137	139	136	2	248	
148	144	138	138	137	136	138	136	2	249	
175	161	140	144	140	137	137	136	2	250	
139	146	146	144	141	138	135	135	2	251	
163	157	152	147	144	141	136	134	2	252	
144	148	149	147	145	142	138	134	2	253	
132	139	143	142	144	142	140	136	2	254	
142	141	141	137	142	141	140	137	2	255	
123	130	134	135	139	139	140	138	2	0	
142	136	135	133	136	136	138	137	2	1	
136	134	133	135	134	134	136	136	2	2	
145	141	137	133	132	133	134	134	2	3	
133	133	134	129	130	132	133	133	2	4	
108	121	126	127	127	130	132	132	2	5	
134	126	126	126	126	125	130	130	2	6	
131	128	126	122	123	123	128	128	2	7	
111	118	120	115	118	119	125	126	2	9	
91	103	110	111	113	115	123	124	2	10	
107	105	107	106	109	111	120	121	2	11	
102	100	102	95	100	104	112	118	2	12	
92	75	87	90	94	97	107	115	2	13	
81	84	85	85	88	91	101	110	2	14	
71	80	81	80	83	85	94	105	2	15	
78	75	77	77	79	81	88	93	2	16	
73	74	75	75	76	78	84	88	2	17	
62	67	74	72	73	74	80	84	2	18	
75	71	69	70	71	72	76	80	2	19	
63	65	70	67	68	69	73	76	2	20	
25	43	66	59	62	64	70	72	2	21	
39	40	53	52	56	59	66	68	2	22	
38	39	46	47	51	54	61	64	2	23	
37	36	42	42	46	49	57	60	2	24	
0	17	38	34	39	43	52	56	2	25	
21	20	27	29	34	37	46	51	2	26	
0	9	24	22	27	31	41	46	2	27	
0	4	16	16	22	25	35	40	2	28	
0	2	6	12	17	21	29	35	2	29	
0	1	4	8	13	16	20	30	2	30	
0	0	2	6	10	13	16	26	2	31	
0	0	1	6	7	10	13	22	2	32	
20	12	7	10	7	8	11	18	2	33	
33	22	14	12	8	8	9	12	2	34	
12	16	15	11	10	9	9	11	2	35	
0	8	11	11	11	10	10	11	2	36	
5	8	11	11	12	11	11	11	2	37	
13	10	11	10	11	12	11	11	2	38	
0	4	8	8	9	11	11	11	2	39	
0	2	5	6	8	9	11	11	2	40	
0	1	3	4	6	8	10	10	2	41	
0	0	2	3	5	7	9	9	2	43	
0	0	1	3	4	6	8	9	2	44	
0	0	1	2	4	5	7	9	2	45	
0	0	1	2	3	4	6	8	2	46	
0	0	1	1	3	4	5	7	2	47	
0	0	0	1	2	3	4	6	2	48	
0	0	0	1	2	3	4	5	2	49	
0	0	0	1	2	3	4	5	2	50	
0	0	1	2	3	3	4	5	2	51	
0	0	1	2	3	3	4	5	2	52	
4	4	1	3	3	3	4	4	2	53	
27	16	3	6	5	4	4	4	2	54	
46	32	10	13	9	7	6	5	2	55	
76	55	21	26	18	13	10	8	2	56	
74	66	39	39	29	22	17	12	2	58	
97	83	53	54	42	33	26	18	2	59	
122	102	69	70	56	46	37	27	2	60	
109	107	87	83	70	59	49	37	2	61	
143	130	97	98	85	73	62	48	2	62	
131	136	114	111	98	87	76	61	2	63	
141	133	129	119	109	99	88	73	2	64	
130	137	133	126	117	109	99	85	2	65	
118	123	132	129	123	116	108	95	2	66	
116	118	127	123	124	120	114	103	2	67	
59	85	121	111	123	121	117	108	2	68	
103	96	100	104	115	117	116	111	2	69	
82	86	98	97	109	112	113	111	2	70	
77	81	90	90	95	105	108	109	2	71	
112	98	85	91	92	99	102	105	2	72	
150	126	92	99	95	94	97	101	2	73	
123	121	109	105	99	94	95	97	2	74	
135	130	114	113	106	101	95	95	2	75	
149	139	122	121	113	107	97	96	2	76	
99	116	131	120	116	111	102	99	2	77	
110	113	117	118	117	114	107	102	2	78	
113	113	114	116	115	114	111	105	2	79	
122	113	113	113	114	113	111	107	2	80	
112	116	113	112	112	112	111	108	2	81	
137	114	113	115	111	111	110	108	2	82	
112	125	119	115	113	111	110	109	2	83	
99	107	117	112	113	112	110	109	2	84	
102	104	111	108	109	111	110	109	2	85	
99	99	106	104	105	109	108	108	2	86	
35	62	101	90	96	106	106	106	2	87	
0	30	78	70	81	99	101	102	2	88	
0	15	52	52	65	74	93	97	2	89	
0	7	33	36	49	59	82	89	2	90	
0	3	20	24	36	45	69	79	2	92	
0	1	11	15	25	33	55	67	2	93	
0	0	5	9	17	24	42	55	2	94	
0	0	2	5	11	17	32	44	2	95	
0	0	1	3	7	12	24	34	2	96	
0	0	0	2	5	9	17	27	2	97	
24	0	1	2	4	6	13	21	2	98	
255	147	1	8	7	7	10	16	2	99	
255	201	13	96	30	20	8	13	2	100	
255	229	86	142	65	46	15	14	2	101	
255	243	146	178	105	80	32	23	2	102	
254	249	189	205	143	116	58	40	2	103	
255	252	217	223	200	149	90	65	2	104	
255	252	234	234	217	178	122	92	2	105	
255	252	243	241	228	199	152	120	2	106	
255	252	247	244	236	215	177	146	2	107	
255	252	249	246	240	233	197	169	2	108	
255	252	250	247	243	237	212	187	2	109	
255	252	250	247	244	240	223	202	2	110	
208	224	250	239	240	239	230	214	2	111	
156	188	234	223	229	232	235	222	2	112	
144	162	209	202	214	220	232	227	2	113	
73	111	182	139	190	202	224	227	2	114	
52	80	143	112	162	178	211	224	2	115	
64	70	108	83	135	153	192	216	2	116	
7	34	86	58	106	125	169	186	2	117	
0	16	57	39	57	98	144	165	2	118	
1	8	35	25	40	73	117	141	2	119	
1	4	20	16	27	53	92	117	2	120	
0	1	11	10	18	38	69	94	2	121	
0	0	6	6	12	19	51	73	2	122	
0	0	3	4	8	13	37	57	2	123	
0	0	2	2	5	9	27	43	2	124	
0	0	1	1	4	6	19	33	2	126	
0	0	0	1	3	4	13	24	2	127	
0	0	0	1	2	4	7	18	2	128	
19	0	0	4	4	4	5	13	2	129	
3	9	0	5	5	5	5	10	2	130	
4	6	6	6	5	5	5	8	2	131	
19	5	6	8	7	6	5	7	2	132	
49	32	6	14	11	9	6	6	2	133	
72	53	10	26	19	14	8	7	2	134	
53	51	22	35	27	21	11	9	2	135	
60	57	38	43	35	29	17	13	2	136	
83	72	44	53	44	37	23	18	2	137	
83	76	51	60	52	46	31	24	2	138	
94	87	63	69	61	54	39	30	2	139	
114	101	69	79	70	63	46	37	2	140	
118	110	79	89	80	83	55	45	2	141	
140	126	90	101	91	94	64	54	2	142	
150	138	100	114	103	105	74	63	2	143	
156	148	114	125	114	116	85	73	2	144	
170	159	127	136	125	126	95	83	2	145	
165	161	149	144	134	131	116	93	2	146	
115	134	154	142	137	134	124	103	2	147	
119	127	142	130	137	133	129	112	2	148	
110	116	134	118	133	127	130	119	2	149	
77	94	124	108	124	119	128	124	2	150	
93	94	107	101	115	111	122	122	2	151	
98	95	100	100	103	105	115	118	2	152	
116	106	96	104	103	103	109	113	2	153	
133	120	100	109	105	103	105	108	2	154	
125	121	110	111	107	105	104	106	2	155	
114	117	115	109	107	103	104	105	2	156	
95	104	115	102	103	99	104	104	2	157	
74	87	108	94	97	92	102	102	2	158	
77	81	96	84	89	84	99	100	2	160	
57	66	75	71	79	75	87	96	2	161	
36	49	60	61	69	66	80	91	2	162	
44	45	52	54	61	58	72	85	2	163	
44	44	47	49	54	52	64	78	2	164	
50	43	44	46	49	48	57	63	2	165	
43	47	45	44	46	44	51	57	2	166	
34	37	44	41	43	41	47	52	2	167	
25	31	40	38	40	37	43	47	2	168	
6	18	35	32	35	33	39	44	2	169	
2	10	26	25	30	28	35	39	2	170	
0	5	18	19	24	22	31	35	2	171	
0	2	11	13	18	19	26	30	2	172	
46	26	7	15	17	18	22	26	2	173	
33	27	17	18	17	21	20	24	2	175	
61	48	21	27	22	29	21	23	2	176	
119	87	36	45	35	41	25	24	2	177	
147	111	63	66	51	57	34	29	2	178	
203	130	88	88	70	78	47	37	2	179	
232	172	144	116	94	102	64	50	2	180	
255	203	175	145	120	128	85	66	2	181	
255	242	204	174	148	154	108	86	2	182	
255	248	224	216	174	177	133	108	2	183	
255	251	236	229	195	196	157	131	2	184	
255	252	243	237	212	211	178	152	2	185	
255	252	247	241	224	222	195	171	2	186	
255	252	248	244	237	229	209	187	2	187	
255	252	249	246	241	235	219	201	2	188	
255	252	249	247	243	238	227	211	2	189	
255	252	250	247	244	241	232	220	2	190	
254	252	250	247	244	241	235	226	2	191	
255	252	249	246	244	241	237	230	2	192	
255	252	249	246	244	241	238	232	2	194	
255	252	249	246	244	241	238	234	2	195	
255	252	249	246	244	242	239	235	2	196	
255	252	249	247	244	242	239	236	2	197	
255	252	249	246	244	241	239	236	2	198	
255	252	249	246	244	241	239	237	2	199	
255	252	249	246	244	241	239	236	2	200	
255	252	249	246	244	241	239	236	2	201	
255	252	249	246	244	241	239	236	2	202	
255	252	249	247	244	242	239	237	2	203	
255	252	249	247	244	242	239	237	2	204	
255	252	249	246	244	241	239	237	2	205	
255	252	249	246	244	241	239	236	2	206	
255	252	249	246	244	241	239	236	2	207	
255	252	249	246	244	242	239	236	2	209	
254	251	249	246	244	241	239	236	2	210	
244	245	249	245	243	238	239	237	2	211	
199	220	245	236	238	232	239	237	2	212	
161	208	230	226	230	223	237	235	2	213	
155	181	218	210	219	212	233	233	2	214	
135	166	197	194	205	198	226	228	2	215	
126	135	179	177	189	183	217	222	2	216	
140	137	161	150	173	169	205	213	2	217	
128	130	146	141	160	156	192	202	2	218	
133	131	141	135	149	146	178	190	2	219	
124	125	133	129	140	137	165	177	2	220	
109	116	131	123	127	130	153	165	2	221	
105	109	126	118	121	124	143	154	2	222	
60	81	120	105	111	116	135	145	2	223	
43	61	113	90	99	94	128	137	2	224	
75	68	95	80	88	84	120	128	2	225	
58	61	76	71	78	73	111	119	2	226	
20	37	71	59	67	62	100	109	2	227	
0	18	64	45	55	52	90	100	2	228	
40	30	32	39	46	43	80	90	2	229	
0	13	32	30	37	34	59	80	2	230	
0	7	22	16	29	27	50	70	2	231	
1	5	14	12	22	21	41	60	2	232	
7	6	9	13	17	18	33	50	2	233	
28	18	8	19	15	18	26	34	2	234	
53	37	13	32	25	22	22	29	2	235	
83	63	26	49	37	31	20	25	2	236	
105	85	46	61	49	41	21	24	2	237	
84	84	66	75	62	63	26	25	2	238	
115	102	75	82	72	71	34	29	2	239	
90	93	89	85	78	77	44	36	2	240	
80	87	90	87	82	79	54	44	2	241	
95	90	89	82	82	79	63	53	2	243	
54	70	89	78	79	76	71	61	2	244	
73	72	78	73	75	73	76	67	2	245	
64	66	75	69	71	69	76	70	2	246	
60	64	69	65	67	67	73	72	2	247	
74	61	66	65	66	66	70	71	2	248	
82	69	63	67	66	65	68	69	2	249	
51	62	66	65	65	66	66	67	2	250	
108	87	69	71	68	68	65	66	2	251	
88	86	65	75	71	69	65	65	2	252	
70	76	77	75	72	70	66	65	2	253	
62	71	81	74	72	73	67	65	2	254	
104	88	77	78	75	74	68	66	2	255	
78	80	73	78	76	74	70	68	2	0	
69	75	81	77	76	75	72	69	2	1	
98	87	80	79	77	76	73	70	2	2	
81	83	77	79	77	74	73	71	2	3	
54	66	82	75	75	72	74	72	2	4	
58	62	81	70	72	68	73	72	2	5	
35	45	72	61	66	60	72	71	2	6	
0	22	54	49	56	52	69	70	2	7	
25	24	37	40	47	44	64	66	2	8	
19	20	30	27	38	37	57	61	2	9	
24	22	24	28	32	33	49	54	2	10	
46	35	23	34	30	32	42	42	2	11	
64	51	29	42	32	35	36	38	2	12	
73	62	40	43	40	37	34	37	2	13	
24	42	51	52	46	42	34	36	2	14	
96	72	45	55	50	46	35	37	2	15	
60	63	61	55	52	51	38	39	2	16	
44	53	61	55	53	53	42	41	2	17	
60	57	56	57	55	54	45	44	2	18	
69	63	56	56	55	54	48	47	2	19	
52	54	60	56	55	56	51	49	2	21	
56	57	57	61	58	58	52	50	2	22	
92	74	66	65	61	61	54	51	2	23	
89	76	70	69	65	65	56	53	2	24	
85	82	76	74	69	72	58	55	2	25	
119	85	80	83	76	72	62	62	2	26	
12	103	92	75	74	71	67	65	2	27	
52	54	69	68	71	65	69	66	2	28	
29	40	62	58	63	58	69	65	2	29	
16	26	49	47	54	49	66	62	2	30	
0	12	36	35	43	41	61	57	2	31	
13	14	24	28	35	34	54	52	2	32	
27	19	19	24	29	30	46	46	2	33	
37	29	19	24	26	28	39	40	2	34	
49	39	24	27	26	26	34	35	2	36	
25	30	31	27	26	25	30	31	2	37	
0	14	29	24	24	23	27	28	2	38	
0	7	21	19	22	20	26	26	2	39	
0	4	15	15	19	18	24	24	2	40	
0	2	6	11	15	14	22	22	2	41	
0	0	3	8	12	11	20	20	2	42	
65	36	2	5	9	12	17	17	2	43	
77	57	20	25	11	15	14	15	2	44	
90	75	39	41	18	24	13	15	2	45	
126	102	58	62	30	37	14	17	2	46	
128	115	82	80	47	52	19	23	2	47	
146	133	100	98	82	69	29	32	2	48	
166	150	118	116	99	86	42	43	2	49	
180	166	135	133	117	103	56	57	2	50	
145	151	151	141	128	128	72	71	2	51	
150	154	150	147	138	140	89	86	2	52	
226	190	153	160	150	149	104	100	2	53	
163	174	173	165	157	156	117	113	2	55	
168	171	171	167	162	159	130	125	2	56	
171	170	170	168	164	162	140	135	2	57	
158	166	167	167	165	162	153	142	2	58	
149	161	163	160	163	161	157	148	2	59	
163	154	157	158	161	159	159	152	2	60	
149	158	157	155	159	156	159	156	2	61	
161	157	154	154	156	154	159	155	2	62	
177	167	155	157	155	153	157	154	2	63	
136	148	161	153	152	152	154	152	2	64	
148	149	152	151	151	150	153	151	2	65	
161	153	150	150	150	147	151	150	2	66	
125	137	151	146	147	144	150	149	2	67	
138	137	143	142	143	140	149	147	2	68	
124	129	139	136	138	135	147	145	2	70	
116	120	132	129	133	131	144	142	2	71	
136	130	125	128	129	128	141	138	2	72	
84	127	127	126	127	123	136	135	2	73	
79	102	126	118	121	117	132	132	2	74	
108	91	112	108	114	110	129	128	2	75	
50	98	100	103	107	101	125	123	2	76	
37	52	98	91	97	91	119	117	2	77	
36	42	82	64	85	80	113	111	2	78	
0	20	65	49	73	68	105	103	2	79	
0	10	52	36	60	55	96	95	2	80	
0	4	35	25	46	43	87	85	2	81	
0	1	22	16	25	32	75	74	2	82	
0	0	13	10	17	24	63	63	2	83	
0	0	7	6	12	17	51	51	2	84	
0	0	3	4	8	9	40	41	2	85	
0	0	2	3	6	7	31	33	2	86	
0	0	1	2	4	5	23	26	2	87	
0	0	1	2	3	4	18	21	2	88	
0	0	1	1	3	9	13	16	2	89	
102	65	0	20	12	27	10	13	2	90	
255	165	37	63	40	56	7	9	2	91	
255	210	106	154	78	91	8	9	2	92	
255	234	161	188	118	127	19	14	2	93	
255	245	199	211	154	158	40	27	2	94	
255	250	223	227	183	184	68	73	2	95	
254	252	237	236	221	204	100	100	2	96	
255	252	244	242	231	219	132	127	2	97	
254	252	248	245	238	229	160	153	2	98	
255	252	249	247	241	238	183	175	2	99	
255	252	250	247	243	240	202	193	2	100	
255	252	250	247	244	237	216	207	2	101	
255	252	250	236	238	228	226	217	2	102	
189	215	249	214	224	212	232	223	2	104	
126	165	229	182	201	189	235	227	2	105	
75	116	194	150	173	162	235	227	2	106	
50	90	151	118	143	134	219	221	2	107	
34	67	118	91	114	106	201	211	2	108	
19	47	89	67	88	81	178	194	2	109	
0	31	65	47	65	60	153	149	2	110	
0	6	45	32	46	44	126	125	2	111	
0	2	28	21	33	32	100	102	2	112	
0	1	16	13	23	22	77	81	2	113	
0	0	9	8	15	15	58	63	2	114	
0	0	5	5	10	11	43	48	2	115	
23	11	3	6	8	9	31	36	2	116	
14	12	1	7	8	10	22	27	2	117	
27	21	6	11	10	12	16	21	2	118	
44	32	9	17	14	15	12	17	2	119	
25	28	15	21	17	18	11	15	2	120	
32	31	24	24	21	21	12	15	2	121	
39	34	26	27	24	23	13	15	2	122	
25	29	28	28	25	25	16	16	2	123	
29	27	30	28	26	25	18	18	2	124	
0	13	28	24	25	23	20	20	2	125	
0	7	20	15	22	21	22	21	2	126	
1	4	14	11	19	18	23	22	2	127	
2	4	9	10	15	15	23	20	2	128	
17	11	7	14	13	14	22	18	2	129	
40	26	9	22	18	17	20	17	2	130	
61	45	17	33	26	22	17	17	2	131	
68	57	32	43	35	29	16	18	2	132	
69	63	45	50	43	44	16	21	2	133	
63	63	54	58	50	48	19	25	2	134	
80	73	58	57	53	51	25	31	2	135	
45	55	66	57	55	53	31	36	2	136	
49	54	59	55	54	52	37	41	2	138	
53	51	53	50	51	51	43	44	2	139	
29	40	46	50	50	50	47	47	2	140	
59	53	50	50	50	48	51	48	2	141	
43	54	51	49	48	49	50	48	2	142	
84	48	49	54	51	52	50	47	2	143	
84	68	59	60	55	56	48	48	2	144	
83	78	67	65	60	58	48	51	2	145	
39	56	72	63	61	59	50	53	2	146	
43	50	63	60	60	58	53	54	2	147	
68	58	56	58	58	55	56	55	2	148	
22	38	57	51	54	50	57	54	2	149	
30	34	46	45	48	46	57	52	2	150	
32	33	39	40	44	42	55	50	2	151	
34	33	36	37	40	38	52	47	2	153	
15	23	34	32	35	34	48	44	2	154	
27	27	28	30	32	31	45	40	2	155	
17	24	27	27	29	28	41	36	2	156	
9	20	25	24	26	25	37	33	2	157	
5	14	18	21	23	22	33	30	2	158	
6	10	14	18	20	20	30	27	2	159	
9	9	11	15	18	18	27	25	2	160	
0	4	10	10	15	15	24	23	2	161	
1	3	7	8	13	12	22	20	2	162	
28	16	5	10	10	11	20	17	2	163	
25	20	11	12	10	12	17	15	2	164	
37	30	15	17	15	14	14	14	2	165	
66	49	23	27	21	18	13	14	2	166	
82	67	37	40	31	25	12	15	2	167	
111	91	53	56	44	47	13	18	2	168	
105	96	73	70	57	61	16	23	2	169	
127	116	85	85	72	77	21	30	2	170	
168	143	101	104	89	93	29	39	2	172	
162	153	139	121	105	111	38	51	2	173	
200	179	161	141	124	130	50	65	2	174	
255	217	191	166	146	151	65	80	2	175	
255	235	213	207	168	171	97	96	2	176	
255	245	229	222	188	189	115	113	2	177	
254	249	239	232	205	205	135	151	2	178	
255	252	244	239	218	217	154	168	2	179	
255	252	248	243	235	226	173	184	2	180	
255	252	249	245	239	232	190	197	2	181	
255	252	249	246	241	236	204	208	2	182	
255	252	249	246	243	240	215	216	2	183	
255	252	249	246	243	241	223	222	2	184	
255	252	249	247	244	242	229	227	2	185	
255	252	249	247	244	242	233	231	2	187	
255	252	249	247	244	242	236	233	2	188	
254	252	249	247	244	241	238	235	2	189	
255	252	249	246	244	241	239	235	2	190	
255	252	249	246	244	241	239	236	2	191	
255	252	249	246	244	241	239	236	2	192	
255	252	249	247	244	242	239	236	2	193	
255	252	249	247	244	242	239	237	2	194	
255	252	249	246	244	241	239	237	2	195	
255	252	249	246	244	241	239	237	2	196	
255	252	249	246	244	241	239	236	2	197	
255	252	249	246	244	241	239	236	2	198	
255	252	249	247	244	242	239	236	2	199	
253	251	249	247	244	242	239	236	2	200	
255	252	249	246	244	241	239	237	2	201	
149	191	249	229	234	225	239	237	2	202	
134	164	249	208	219	212	239	237	2	203	
168	164	216	191	204	195	239	234	2	204	
101	127	188	168	184	177	239	230	2	205	
109	118	174	149	165	160	235	223	2	206	
135	126	131	138	150	149	228	213	2	207	
168	148	128	137	142	144	218	200	2	208	
189	168	138	148	142	143	204	186	2	209	
158	162	152	153	144	144	172	172	2	210	
166	163	156	154	147	147	158	161	2	211	
152	156	159	148	150	146	149	148	2	212	
119	135	157	140	143	143	145	146	2	213	
118	125	145	131	136	138	143	145	2	214	
113	117	134	124	129	132	144	143	2	215	
112	113	124	117	121	118	144	140	2	216	
107	108	117	109	114	112	143	136	2	217	
91	99	111	104	108	106	139	131	2	218	
101	99	104	99	102	99	134	126	2	219	
86	91	101	92	96	93	128	121	2	221	
80	85	94	88	91	89	122	115	2	222	
86	85	88	85	87	83	116	108	2	223	
48	84	86	77	81	78	109	102	2	224	
50	63	84	70	74	72	96	96	2	225	
66	57	71	66	69	68	91	91	2	226	
67	62	63	64	66	64	86	80	2	227	
58	59	62	61	62	60	81	75	2	228	
39	48	62	56	58	56	75	70	2	229	
46	46	60	52	54	52	70	65	2	230	
35	40	53	47	50	49	66	61	2	231	
53	47	49	46	48	45	61	57	2	232	
0	22	44	39	42	41	58	54	2	233	
28	30	45	35	38	39	54	50	2	234	
77	53	32	39	38	37	51	46	2	235	
21	35	32	37	37	39	47	43	2	236	
81	62	43	44	41	44	43	40	2	237	
103	84	37	56	48	52	40	39	2	238	
104	94	51	68	59	62	38	40	2	239	
117	106	68	81	70	73	38	44	2	240	
125	116	95	93	82	83	41	49	2	241	
131	123	106	103	92	92	47	56	2	242	
115	118	115	107	100	98	55	64	2	243	
92	102	116	102	103	100	64	73	2	244	
75	88	108	100	102	100	74	87	2	245	
107	98	97	97	100	98	84	91	2	246	
97	95	98	85	90	92	91	93	2	247	
39	64	95	82	85	87	95	92	2	248	
88	79	77	81	82	84	97	90	2	249	
95	85	78	80	80	79	97	87	2	250	
83	82	81	79	79	77	94	85	2	251	
73	78	81	77	77	76	89	82	2	252	
79	77	79	76	76	76	85	80	2	253	
74	77	77	79	77	77	83	77	2	255	
99	88	82	82	79	78	80	76	2	0	
101	94	87	82	80	80	78	75	2	1	
96	82	84	84	82	83	76	75	2	2	
121	90	87	91	86	88	75	76	2	3	
132	106	97	99	92	93	76	80	2	4	
118	120	109	105	98	98	77	83	2	5	
125	122	112	110	104	104	80	87	2	6	
143	132	117	117	110	109	84	92	2	7	
118	123	125	119	114	114	88	97	2	8	
135	129	123	122	118	116	93	102	2	9	
106	117	126	121	119	117	98	106	2	10	
138	128	120	122	120	117	104	109	2	11	
101	112	124	118	118	115	109	111	2	12	
114	113	117	115	116	111	112	111	2	14	
82	93	114	107	110	106	114	111	2	15	
70	81	102	98	103	99	115	108	2	16	
42	80	90	91	96	91	114	105	2	17	
49	57	84	79	86	82	112	100	2	18	
80	54	60	69	76	74	108	93	2	19	
88	67	64	66	70	70	103	85	2	20	
73	74	69	67	68	67	95	79	2	21	
71	72	71	69	67	67	87	74	2	22	
87	81	71	72	67	68	79	71	2	23	
96	88	76	77	69	70	73	69	2	24	
37	59	82	71	73	69	69	68	2	25	
74	69	68	70	70	69	67	67	2	26	
79	72	69	69	69	68	67	67	2	27	
60	65	70	67	67	67	68	66	2	28	
58	61	66	65	65	64	68	66	2	29	
60	61	63	63	63	63	67	65	2	30	
78	70	61	64	63	61	67	64	2	31	
59	62	66	62	62	59	66	63	2	33	
44	52	56	58	59	57	65	62	2	34	
57	55	55	56	57	55	64	60	2	35	
47	44	49	52	54	52	63	58	2	36	
68	47	47	51	51	51	61	57	2	37	
106	58	53	60	51	53	58	55	2	38	
145	84	70	77	56	61	56	52	2	39	
169	145	94	98	67	73	54	54	2	40	
206	178	121	124	104	91	52	59	2	41	
204	190	151	147	127	111	52	69	2	42	
206	198	171	166	147	131	56	82	2	43	
202	200	186	179	163	164	65	97	2	44	
215	207	193	189	176	172	79	114	2	45	
156	177	200	186	180	176	96	129	2	46	
174	177	187	183	181	178	115	143	2	48	
181	177	181	180	180	177	133	154	2	49	
170	173	178	177	178	175	149	162	2	50	
197	173	175	174	175	174	161	167	2	51	
216	185	173	176	175	175	169	170	2	52	
194	200	179	182	178	177	173	170	2	53	
180	194	189	184	180	178	175	171	2	54	
208	197	190	185	181	181	175	171	2	55	
140	164	188	180	184	180	174	173	2	56	
139	151	192	170	181	176	174	174	2	57	
141	146	175	161	174	169	174	175	2	58	
147	144	162	153	167	162	176	174	2	59	
144	143	153	148	152	155	178	171	2	60	
152	148	147	146	148	150	178	167	2	61	
175	162	144	149	148	148	175	162	2	62	
145	150	145	149	147	147	171	157	2	63	
163	158	153	151	148	147	165	153	2	64	
160	158	150	152	149	147	159	150	2	65	
142	148	154	150	149	146	153	148	2	66	
151	149	155	149	148	145	150	146	2	67	
138	142	149	146	146	144	147	145	2	68	
145	144	144	144	144	142	146	144	2	69	
131	134	144	127	141	135	146	144	2	70	
78	102	137	111	133	125	145	143	2	71	
67	81	117	86	120	110	144	142	2	72	
0	38	97	63	101	92	144	133	2	73	
0	19	64	43	60	73	142	124	2	74	
0	8	40	29	43	55	137	113	2	75	
0	3	24	19	30	41	129	99	2	76	
0	1	13	11	21	20	117	84	2	77	
0	0	7	6	13	14	102	68	2	78	
0	0	3	4	8	9	85	54	2	79	
0	0	1	2	6	7	68	42	2	80	
0	0	0	2	4	15	52	32	2	82	
0	0	0	33	20	36	39	25	2	83	
178	106	0	79	52	67	28	19	2	84	
255	182	60	125	90	102	20	18	2	85	
255	219	125	165	129	136	14	22	2	86	
255	238	174	195	163	167	14	35	2	87	
255	247	207	217	191	191	26	81	2	88	
255	252	228	231	211	210	48	109	2	89	
255	253	240	239	225	222	78	136	2	90	
255	252	246	243	234	231	109	161	2	91	
255	252	249	245	239	236	141	181	2	92	
254	252	250	246	241	239	168	197	2	93	
255	252	250	247	243	241	190	209	2	94	
255	252	250	247	244	238	207	218	2	95	
191	217	249	237	239	230	219	225	2	97	
140	174	249	218	226	216	227	229	2	98	
110	140	230	191	207	195	232	229	2	99	
85	108	200	162	182	171	236	224	2	100	
64	81	167	132	154	144	236	213	2	101	
20	49	134	101	125	117	232	199	2	102	
29	37	73	77	99	91	222	180	2	103	
0	17	53	54	74	69	206	158	2	104	
0	8	33	24	54	50	185	135	2	105	
0	3	20	15	37	35	161	111	2	106	
0	1	11	9	25	25	136	69	2	107	
0	0	5	5	17	17	110	53	2	108	
0	0	2	8	10	13	86	40	2	109	
29	16	1	9	10	11	65	31	2	110	
20	15	9	9	9	10	47	24	2	111	
0	7	12	13	12	11	34	19	2	112	
41	26	9	13	12	12	25	16	2	113	
0	11	18	12	12	12	19	14	2	114	
0	6	14	10	11	11	15	13	2	116	
0	3	10	8	10	10	12	13	2	117	
5	4	6	7	9	9	11	12	2	118	
0	2	4	8	9	9	11	12	2	119	
19	12	8	9	9	11	11	11	2	120	
28	15	12	13	11	14	12	10	2	121	
51	22	17	20	16	19	11	11	2	122	
52	37	27	28	22	26	10	14	2	123	
79	64	37	40	31	33	10	17	2	124	
63	62	52	48	39	41	10	22	2	125	
76	70	57	55	47	47	12	27	2	126	
65	66	64	59	53	51	16	33	2	127	
46	55	64	58	55	53	21	39	2	128	
50	52	59	56	55	53	27	44	2	129	
40	46	55	53	54	53	34	47	2	131	
58	52	50	52	52	52	41	49	2	132	
71	62	51	54	53	53	46	49	2	133	
81	71	56	58	55	54	50	50	2	134	
83	62	63	59	56	57	51	51	2	135	
56	73	62	63	59	59	52	52	2	136	
58	63	64	63	61	59	52	54	2	137	
47	60	62	62	61	59	52	55	2	138	
46	48	56	58	59	56	53	56	2	139	
41	44	51	50	56	53	55	55	2	140	
37	40	47	46	52	50	56	54	2	141	
27	32	42	41	48	46	58	52	2	142	
10	20	36	34	44	41	58	49	2	143	
11	16	28	28	33	36	56	46	2	144	
9	12	22	23	27	31	54	43	2	145	
6	9	17	18	22	26	51	38	2	146	
0	4	13	13	18	17	48	34	2	147	
0	2	8	9	13	13	44	29	2	148	
0	1	5	7	10	11	39	25	2	149	
0	0	3	5	8	9	34	21	2	150	
0	0	1	4	6	7	29	18	2	151	
0	0	1	3	5	5	24	15	2	152	
0	0	1	2	3	4	20	12	2	153	
0	0	1	1	3	4	17	10	2	154	
0	0	1	2	2	4	14	8	2	155	
0	0	1	2	3	4	9	6	2	156	
0	1	1	2	3	4	7	6	2	157	
37	20	2	7	5	5	5	5	2	158	
61	43	12	17	11	9	5	5	2	159	
92	69	28	33	22	16	5	6	2	160	
117	95	49	53	38	44	4	9	2	161	
119	107	74	72	56	62	4	15	2	162	
158	137	91	94	76	83	5	24	2	163	
197	169	116	119	99	107	7	36	2	165	
247	211	145	149	125	132	12	51	2	166	
255	233	180	177	152	157	21	69	2	167	
255	244	207	200	177	180	34	89	2	168	
255	249	226	218	198	199	49	111	2	169	
255	251	237	230	214	213	68	134	2	170	
255	252	244	238	225	223	89	155	2	171	
255	252	248	242	233	230	112	174	2	172	
255	252	249	246	238	235	137	190	2	173	
255	252	249	246	241	238	160	202	2	174	
255	252	249	247	242	240	181	212	2	175	
255	252	249	247	244	241	198	220	2	176	
255	252	249	247	244	242	211	226	2	177	
255	252	249	247	244	242	220	230	2	178	
255	252	249	246	244	241	227	233	2	179	
255	252	249	246	244	241	232	234	2	180	
255	252	249	246	244	242	236	235	2	181	
255	252	249	247	244	242	238	235	2	182	
255	252	249	247	244	242	239	236	2	183	
255	252	249	247	244	241	239	236	2	184	
255	252	249	246	244	241	239	237	2	185	
255	252	249	246	244	241	239	237	2	186	
255	252	249	246	244	241	239	236	2	187	
255	252	249	247	244	242	239	236	2	188	
255	252	249	247	244	242	239	236	2	189	
255	252	249	247	244	241	239	237	2	190	
255	252	249	239	240	239	239	237	2	191	
206	225	249	234	235	235	239	237	2	192	
231	228	235	223	227	230	239	235	2	193	
186	203	230	212	219	213	239	234	2	194	
185	193	214	200	208	204	239	231	2	195	
173	181	202	191	198	195	239	227	2	196	
180	180	190	187	191	190	237	222	2	197	
196	188	183	188	188	188	235	215	2	199	
212	200	185	192	189	188	231	207	2	200	
218	208	191	192	189	187	225	200	2	201	
172	194	199	189	188	183	218	194	2	202	
147	182	194	179	182	175	209	190	2	203	
107	161	187	163	171	164	200	188	2	204	
109	131	172	147	157	150	190	180	2	205	
92	102	149	130	142	135	187	173	2	206	
72	85	132	113	125	120	186	164	2	207	
78	82	115	100	111	109	183	154	2	208	
106	94	97	95	102	102	177	142	2	209	
117	105	88	95	98	99	168	130	2	210	
130	118	90	100	98	97	157	119	2	211	
99	106	97	101	99	97	144	111	2	212	
97	102	107	101	99	95	130	104	2	214	
74	84	105	95	96	91	118	100	2	215	
43	62	103	85	89	83	108	97	2	216	
23	41	92	70	78	72	102	94	2	217	
13	26	75	55	65	60	98	90	2	218	
19	23	57	43	53	50	97	83	2	219	
39	31	31	37	44	43	95	75	2	220	
44	37	31	35	38	40	92	65	2	221	
65	52	33	41	38	39	86	57	2	222	
48	49	43	47	39	41	77	51	2	223	
68	59	45	45	43	42	67	43	2	224	
29	42	52	46	43	43	57	42	2	225	
53	49	46	48	46	44	49	41	2	226	
63	56	48	52	49	46	44	41	2	227	
67	61	51	55	51	49	41	42	2	228	
62	61	56	60	56	57	40	44	2	229	
82	73	58	65	60	61	40	47	2	230	
82	77	66	72	66	65	41	49	2	231	
96	87	71	75	70	69	42	53	2	233	
79	81	79	76	72	72	44	56	2	234	
78	80	79	78	75	73	46	59	2	235	
84	81	80	75	74	72	50	63	2	236	
58	68	73	71	72	70	53	66	2	237	
77	64	68	70	70	68	57	68	2	238	
63	70	69	67	68	66	61	67	2	239	
67	65	66	65	66	64	68	66	2	240	
55	58	65	62	63	61	70	64	2	241	
55	57	60	60	61	61	71	63	2	242	
81	69	58	62	61	59	70	62	2	243	
42	52	64	58	59	56	68	60	2	244	
29	42	56	53	55	53	66	58	2	245	
67	54	48	52	53	50	64	55	2	246	
28	39	51	47	49	45	62	53	2	248	
2	20	44	38	43	40	61	50	2	249	
11	17	31	31	37	35	59	46	2	250	
15	15	24	26	31	29	57	42	2	251	
26	11	20	21	26	25	54	37	2	252	
47	19	15	19	22	23	51	33	2	253	
66	34	26	22	22	25	47	29	2	254	
63	50	38	30	26	29	43	27	2	255	
101	83	47	38	32	37	38	27	2	0	
132	108	67	71	43	48	33	30	2	1	
159	137	89	92	57	64	28	35	2	2	
197	169	115	117	76	83	25	44	2	3	
199	184	144	140	97	103	25	56	2	4	
146	161	165	150	134	120	27	70	2	5	
102	131	161	147	140	131	32	86	2	6	
81	99	145	132	135	132	41	101	2	7	
0	47	120	106	118	107	53	111	2	8	
0	23	80	78	96	87	69	115	2	9	
0	10	50	53	73	66	87	113	2	10	
0	4	29	35	52	49	105	104	2	11	
0	1	8	22	36	35	118	91	2	12	
0	0	4	13	25	25	125	76	2	13	
24	2	3	9	17	18	123	62	2	14	
63	14	8	17	13	16	113	49	2	15	
103	41	25	33	15	20	98	38	2	16	
100	74	51	50	24	30	80	26	2	17	
76	80	69	62	37	40	47	26	2	18	
101	93	75	73	62	52	35	30	2	19	
107	99	85	83	72	63	26	36	2	20	
78	87	92	85	78	71	20	45	2	21	
88	87	89	86	82	79	20	53	2	22	
74	79	88	84	82	79	25	60	2	23	
64	71	83	79	80	79	33	66	2	24	
100	87	76	81	80	80	43	70	2	26	
90	87	82	82	80	80	54	73	2	27	
83	85	84	82	81	82	63	75	2	28	
123	103	84	87	84	85	70	76	2	29	
101	111	94	94	88	88	74	77	2	30	
92	104	102	97	92	91	76	79	2	31	
70	97	102	97	94	91	78	81	2	32	
77	80	99	92	92	89	78	83	2	33	
68	71	89	88	89	86	79	85	2	34	
60	65	84	82	85	81	80	86	2	35	
65	64	76	75	79	76	82	85	2	36	
80	72	70	70	73	72	85	83	2	37	
89	81	66	69	70	70	87	80	2	38	
102	92	69	71	73	72	89	76	2	39	
107	99	75	77	78	75	88	74	2	40	
120	111	84	84	85	87	86	72	2	41	
141	126	91	92	94	95	83	72	2	42	
130	127	102	103	102	103	78	74	2	43	
138	133	114	111	110	109	74	77	2	44	
127	129	120	118	116	114	71	82	2	45	
116	122	127	122	119	116	71	88	2	46	
116	118	124	122	119	115	73	94	2	47	
93	102	120	121	116	107	76	100	2	48	
22	57	109	95	104	94	82	105	2	49	
0	28	80	73	86	78	88	108	2	50	
0	13	52	52	68	62	95	102	2	51	
0	6	32	36	37	47	108	94	2	52	
0	2	19	24	25	35	112	83	2	53	
0	1	10	15	17	24	113	71	2	54	
0	0	5	9	11	13	108	58	2	55	
0	0	2	5	9	23	100	46	2	56	
5	11	1	6	30	47	87	36	2	57	
255	142	7	46	64	79	73	28	2	58	
255	199	82	94	103	114	58	26	2	60	
255	228	143	139	141	147	45	31	2	61	
255	242	187	176	173	175	33	46	2	62	
255	249	216	203	198	197	24	67	2	63	
255	251	233	222	216	214	18	92	2	64	
255	252	242	233	228	226	21	119	2	65	
255	253	247	241	236	233	35	168	2	66	
254	252	249	245	240	237	89	187	2	67	
255	252	250	246	243	239	120	202	2	68	
255	252	250	247	243	241	150	213	2	69	
255	252	250	247	244	241	175	221	2	70	
255	252	249	247	244	242	196	227	2	71	
254	252	249	247	244	240	212	231	2	72	
229	237	249	247	242	236	223	233	2	73	
184	208	249	243	235	227	230	235	2	75	
164	184	241	231	223	216	234	234	2	76	
164	172	222	215	210	203	236	230	2	77	
158	163	201	199	195	190	238	224	2	78	
143	150	184	184	181	176	239	216	2	79	
126	137	171	171	168	163	239	207	2	80	
129	131	146	158	156	150	236	196	2	81	
103	114	137	146	143	137	230	184	2	82	
84	97	123	134	129	124	221	171	2	83	
91	92	108	108	117	110	210	158	2	84	
34	60	98	90	102	97	198	145	2	85	
66	64	76	80	89	83	185	132	2	86	
0	29	69	62	61	70	172	119	2	87	
35	35	47	51	50	58	159	106	2	88	
31	30	41	42	41	47	145	92	2	89	
10	20	34	33	34	33	132	79	2	90	
28	24	26	29	29	30	119	67	2	91	
20	21	25	26	27	28	106	56	2	92	
35	29	22	26	26	27	92	48	2	94	
28	28	26	26	26	26	79	41	2	95	
35	31	29	27	26	25	66	36	2	96	
20	25	26	26	24	24	55	32	2	97	
23	19	22	24	23	23	45	29	2	98	
15	21	22	21	22	22	38	27	2	99	
16	18	20	20	21	21	33	25	2	100	
16	17	18	19	20	20	30	24	2	101	
19	18	18	18	19	19	26	23	2	102	
24	20	18	18	19	18	25	22	2	103	
15	17	19	18	18	17	24	20	2	104	
0	8	18	15	16	16	23	19	2	105	
5	7	13	13	15	15	23	19	2	106	
0	3	10	11	13	13	22	18	2	107	
0	1	7	8	11	11	21	17	2	109	
14	7	5	8	9	9	19	16	2	110	
0	3	6	6	8	8	19	14	2	111	
8	6	4	6	7	8	18	12	2	112	
1	3	6	5	7	7	17	11	2	113	
0	2	4	5	6	7	16	10	2	114	
0	1	3	4	6	6	14	10	2	115	
0	0	2	4	5	5	12	9	2	116	
0	0	1	3	4	4	11	8	2	117	
0	0	1	2	3	4	9	7	2	118	
0	0	1	2	3	4	9	6	2	119	
0	0	1	2	3	4	8	6	2	120	
0	0	1	2	3	4	8	6	2	121	
0	0	1	2	3	3	7	5	2	122	
0	0	1	1	2	3	6	5	2	123	
0	0	1	1	2	3	5	5	2	124	
0	0	0	1	2	3	5	4	2	125	
0	0	0	1	2	3	5	4	2	126	
0	0	1	2	3	3	5	4	2	127	
0	0	1	2	3	3	4	4	2	128	
0	0	1	1	2	3	4	4	2	129	
0	0	0	1	2	3	4	4	2	130	
0	0	0	1	2	3	3	4	2	131	
20	0	1	5	2	4	3	4	2	132	
46	11	7	11	4	7	4	4	2	133	
44	29	18	19	8	11	4	4	2	134	
86	64	28	33	14	18	4	5	2	135	
102	84	47	49	37	28	3	7	2	136	
100	92	66	64	51	41	3	10	2	137	
139	119	80	83	68	56	3	15	2	138	
132	124	101	97	83	88	4	23	2	139	
174	154	113	116	101	106	6	33	2	140	
213	185	135	139	121	127	9	45	2	141	
242	214	162	163	143	148	13	59	2	143	
252	234	189	187	166	170	21	74	2	144	
255	244	212	206	186	189	32	91	2	145	
255	249	228	221	204	204	45	109	2	146	
255	251	239	232	218	217	59	129	2	147	
255	252	245	239	228	225	75	149	2	148	
255	252	248	243	234	231	92	167	2	149	
255	252	249	245	238	236	111	183	2	150	
255	252	249	246	241	238	152	196	2	151	
255	252	249	246	243	240	172	207	2	152	
255	252	249	247	244	241	189	215	2	153	
254	252	249	247	244	242	203	222	2	154	
255	252	249	247	244	241	214	227	2	155	
255	252	249	246	244	241	223	231	2	156	
255	252	249	246	244	241	229	233	2	157	
255	252	249	246	244	242	233	234	2	158	
255	252	249	246	244	242	236	235	2	159	
255	252	249	247	244	241	238	235	2	160	
254	251	249	247	244	240	239	236	2	161	
242	244	249	246	242	238	239	237	2	162	
223	232	245	244	239	234	239	237	2	163	
210	218	237	239	234	229	239	237	2	164	
192	204	226	231	226	221	239	236	2	165	
183	192	213	211	217	212	239	235	2	166	
181	185	201	200	207	202	239	233	2	167	
175	178	191	190	197	192	239	231	2	168	
152	162	183	179	178	183	237	221	2	169	
172	167	170	172	171	175	234	213	2	170	
160	161	168	167	164	168	230	205	2	171	
135	146	163	159	155	150	224	196	2	172	
128	136	153	150	145	139	216	188	2	173	
111	120	143	139	133	128	207	180	2	174	
82	99	129	124	122	118	198	172	2	175	
102	99	112	113	112	109	188	163	2	177	
93	95	104	105	104	101	180	153	2	178	
85	89	98	98	97	97	172	143	2	179	
112	86	92	92	94	95	164	134	2	180	
133	101	88	93	96	97	155	124	2	181	
131	117	95	99	100	101	145	116	2	182	
128	123	106	105	105	104	134	108	2	183	
103	113	114	111	108	106	115	99	2	184	
104	108	119	112	109	106	107	98	2	185	
98	101	115	111	107	102	100	99	2	186	
50	72	111	108	100	95	97	100	2	187	
62	68	105	96	92	87	96	101	2	188	
63	63	86	85	83	79	97	101	2	189	
47	54	76	76	74	72	100	98	2	190	
60	57	68	67	67	67	103	93	2	192	
76	67	60	62	64	64	104	88	2	193	
83	74	58	62	64	64	102	82	2	194	
84	79	62	64	65	66	97	76	2	195	
88	83	68	68	68	68	91	71	2	196	
91	87	73	72	72	72	83	68	2	197	
91	89	82	76	76	75	76	66	2	198	
88	87	85	80	79	78	71	65	2	199	
82	84	86	83	81	79	67	67	2	200	
85	84	85	83	81	80	65	69	2	201	
87	85	84	83	82	79	64	71	2	202	
75	79	84	81	80	79	66	74	2	203	
89	84	81	81	79	79	68	75	2	204	
80	81	82	80	77	77	72	76	2	205	
63	70	80	77	75	76	75	76	2	206	
75	73	74	75	74	73	77	76	2	207	
79	76	73	74	73	73	78	75	2	208	
84	79	74	74	74	73	78	74	2	209	
86	83	76	76	75	75	78	73	2	211	
86	84	79	78	76	76	78	72	2	212	
82	82	81	79	77	76	77	71	2	213	
78	80	80	79	77	73	76	72	2	214	
40	77	78	78	72	68	74	72	2	215	
38	55	64	62	66	63	73	73	2	216	
50	47	55	55	60	56	72	72	2	217	
28	47	50	48	53	50	72	67	2	218	
29	32	42	42	47	46	74	63	2	219	
40	37	36	39	43	42	74	58	2	220	
49	43	36	39	40	41	73	54	2	221	
60	52	39	42	41	41	69	49	2	222	
65	57	46	46	43	43	65	45	2	223	
54	56	51	49	45	45	60	43	2	224	
43	49	53	49	47	47	54	42	2	226	
70	60	50	52	49	49	49	42	2	227	
59	58	56	54	51	49	45	43	2	228	
28	42	57	50	50	48	42	45	2	229	
54	39	48	46	48	46	41	46	2	230	
15	46	43	45	46	43	42	45	2	231	
6	28	35	39	42	39	43	45	2	232	
36	18	26	33	37	36	45	44	2	233	
20	23	28	31	34	32	47	42	2	234	
49	38	25	30	30	31	47	40	2	235	
60	49	32	34	30	31	47	37	2	236	
67	58	40	41	32	34	46	34	2	237	
64	61	49	47	36	38	44	32	2	238	
89	77	55	57	50	44	41	32	2	239	
102	90	67	68	59	53	38	33	2	240	
122	107	79	81	70	62	35	37	2	241	
157	134	94	98	85	88	32	41	2	242	
162	149	115	114	100	104	31	48	2	243	
191	171	133	133	117	120	32	56	2	244	
183	177	153	149	133	134	35	66	2	245	
173	174	170	158	146	147	40	78	2	246	
191	185	178	168	157	161	47	91	2	247	
255	221	201	184	171	164	55	105	2	248	
87	138	164	163	169	164	65	119	2	249	
133	144	155	159	166	162	78	132	2	250	
180	159	156	143	162	155	92	142	2	251	
77	76	130	121	151	142	107	153	2	252	
46	71	100	102	116	127	135	153	2	253	
65	81	84	91	103	112	149	150	2	254	
90	93	82	88	94	101	156	141	2	255	
106	117	86	94	93	96	160	131	2	0	
139	128	102	103	98	101	160	120	2	1	
141	137	115	114	106	109	156	110	2	2	
144	156	126	128	117	118	148	104	2	4	
174	157	142	138	127	128	135	102	2	5	
159	169	150	148	137	139	121	103	2	6	
178	181	160	159	148	148	109	106	2	7	
175	177	171	165	156	155	101	112	2	8	
177	176	173	169	162	158	98	119	2	9	
123	147	174	163	162	159	99	128	2	10	
169	151	159	161	161	158	104	136	2	11	
149	131	160	157	158	153	120	143	2	12	
115	147	154	148	151	149	129	148	2	13	
158	142	141	145	147	145	139	151	2	14	
149	96	144	142	144	138	147	151	2	15	
54	109	141	127	126	130	153	149	2	16	
119	77	115	120	113	119	156	147	2	17	
58	37	112	104	95	104	156	143	2	18	
0	18	91	82	75	68	153	138	2	19	
0	8	61	59	56	52	150	131	2	20	
0	3	38	41	41	38	146	121	2	21	
0	1	22	27	29	28	141	108	2	22	
0	0	12	18	20	20	134	94	2	23	
0	0	3	11	13	13	125	79	2	24	
0	0	2	7	9	9	112	65	2	25	
0	0	1	4	5	6	97	52	2	26	
0	0	0	1	4	15	80	40	2	27	
0	110	0	34	21	37	64	31	2	28	
185	184	62	80	53	68	49	23	2	29	
255	220	127	127	131	103	27	16	2	30	
255	238	176	167	165	138	20	22	2	31	
255	247	209	196	191	168	14	36	2	32	
255	251	229	217	211	210	10	57	2	33	
255	252	240	230	225	223	13	82	2	34	
255	253	246	239	234	231	26	110	2	35	
255	253	249	244	239	236	50	137	2	36	
255	252	250	246	242	239	79	161	2	38	
255	252	250	247	243	240	111	182	2	39	
254	252	250	247	244	240	141	198	2	40	
255	252	249	247	242	237	169	210	2	41	
236	241	249	244	237	230	191	219	2	42	
204	220	243	235	226	217	208	225	2	43	
155	183	230	218	210	200	220	229	2	44	
130	134	203	197	190	179	233	230	2	45	
120	103	176	174	166	157	236	225	2	46	
81	82	152	148	142	136	237	216	2	47	
65	79	124	123	121	116	236	203	2	48	
78	66	100	105	103	98	232	187	2	49	
59	55	87	88	87	85	223	169	2	50	
45	68	74	75	77	76	209	150	2	51	
80	75	63	69	71	70	191	131	2	53	
85	68	65	68	68	67	171	114	2	54	
65	74	69	67	67	68	151	99	2	55	
79	84	67	68	69	70	131	87	2	56	
85	83	71	72	72	72	112	79	2	57	
81	82	78	76	74	72	96	74	2	58	
55	67	81	78	73	71	84	71	2	59	
69	68	72	74	71	68	75	70	2	60	
46	55	70	71	67	63	70	69	2	61	
23	37	61	56	61	57	68	69	2	62	
23	30	48	47	53	50	68	67	2	63	
30	30	38	40	46	45	69	62	2	64	
43	37	34	38	40	42	70	58	2	65	
65	51	35	40	42	41	69	53	2	66	
64	57	43	44	41	40	68	48	2	67	
15	35	49	41	43	43	64	45	2	68	
73	57	41	46	45	45	60	42	2	69	
52	52	50	48	46	46	54	42	2	70	
45	49	50	48	48	50	48	42	2	72	
60	55	49	50	53	56	44	42	2	73	
104	82	68	59	61	66	42	43	2	74	
106	93	81	69	73	75	40	44	2	75	
91	118	101	85	83	83	41	47	2	76	
116	103	101	98	90	88	42	53	2	77	
80	110	106	97	93	88	43	59	2	78	
51	93	98	89	90	84	44	73	2	79	
29	49	82	76	82	76	51	78	2	80	
49	49	64	65	72	69	59	79	2	81	
45	46	55	57	64	61	67	78	2	82	
35	40	49	50	56	54	76	75	2	83	
44	42	44	46	50	50	82	70	2	84	
55	49	42	45	47	49	85	64	2	85	
102	77	46	53	50	50	83	59	2	87	
64	67	62	57	53	51	79	54	2	88	
31	48	63	55	53	51	73	52	2	89	
44	47	54	52	52	48	66	51	2	90	
0	22	50	43	47	43	59	50	2	91	
14	11	35	33	39	37	53	49	2	92	
0	14	19	27	33	30	51	46	2	93	
0	6	12	19	25	24	50	43	2	94	
14	9	7	13	19	19	50	38	2	95	
0	4	8	9	15	16	50	33	2	96	
0	2	6	7	12	13	48	28	2	97	
0	1	4	5	10	10	45	24	2	98	
0	0	3	4	8	8	40	21	2	99	
0	0	2	3	4	6	34	17	2	100	
0	0	1	2	3	5	28	14	2	101	
0	0	1	2	3	4	23	11	2	102	
0	0	1	2	3	4	19	9	2	103	
0	0	1	2	3	4	16	8	2	104	
0	2	1	2	3	5	13	7	2	105	
32	18	2	6	5	8	10	6	2	106	
60	40	26	16	11	13	8	6	2	107	
48	43	34	24	17	21	6	5	2	108	
78	62	49	37	27	31	6	6	2	109	
75	69	60	59	38	41	5	8	2	110	
88	79	70	69	49	51	5	12	2	111	
95	87	79	78	59	60	4	18	2	112	
108	108	89	88	68	70	5	32	2	113	
116	134	99	103	91	82	10	41	2	114	
155	128	118	112	101	93	16	50	2	115	
128	153	122	125	114	105	24	60	2	116	
170	170	139	140	127	130	33	71	2	117	
186	183	155	154	141	143	42	82	2	118	
195	196	169	168	154	158	52	93	2	119	
208	221	183	185	170	170	62	104	2	121	
243	208	203	193	181	179	73	116	2	122	
205	187	204	193	186	186	84	130	2	123	
163	213	195	199	192	189	95	143	2	124	
173	189	205	195	193	188	107	154	2	125	
166	176	195	189	189	186	119	165	2	126	
185	180	184	184	186	184	132	172	2	127	
198	193	182	183	184	183	146	179	2	128	
199	199	184	185	184	183	169	180	2	129	
208	181	188	188	185	182	178	180	2	130	
165	187	193	185	184	182	183	180	2	131	
194	174	185	184	183	180	184	180	2	132	
165	168	186	180	180	176	184	179	2	133	
164	170	178	175	176	174	183	178	2	134	
172	157	172	172	173	170	182	176	2	135	
150	164	170	166	168	163	182	174	2	136	
169	163	162	164	165	160	181	172	2	137	
166	154	163	162	163	156	180	169	2	138	
149	149	162	158	159	153	179	166	2	139	
145	156	156	154	155	151	176	163	2	140	
164	148	153	153	153	150	174	159	2	141	
144	155	149	150	151	146	171	156	2	142	
162	125	152	150	150	141	168	153	2	143	
102	127	136	136	144	136	164	151	2	144	
126	134	131	133	139	132	161	148	2	145	
144	123	132	128	135	126	157	140	2	146	
118	104	126	119	130	119	151	136	2	147	
91	91	113	109	115	114	150	132	2	148	
80	109	101	107	111	110	146	127	2	149	
121	119	105	108	109	110	142	121	2	150	
132	119	111	110	109	111	138	117	2	151	
120	138	114	118	113	114	134	112	2	152	
155	122	127	118	114	118	128	110	2	153	
115	125	122	121	117	121	122	109	2	155	
122	148	124	128	123	119	117	110	2	156	
170	123	136	127	124	116	112	112	2	157	
107	101	128	119	120	111	109	114	2	158	
104	102	113	112	115	107	109	115	2	159	
92	97	107	105	109	103	109	114	2	160	
113	104	100	103	105	98	111	110	2	161	
89	81	102	99	101	93	117	107	2	162	
72	80	96	92	95	88	117	103	2	163	
79	82	87	87	90	83	116	99	2	164	
85	71	83	84	86	77	112	94	2	165	
66	58	82	78	81	71	109	89	2	166	
46	49	75	71	75	63	105	84	2	167	
45	34	65	63	67	54	100	79	2	168	
22	16	56	53	59	45	95	73	2	170	
0	8	44	41	49	35	91	66	2	171	
0	3	29	30	39	27	85	58	2	172	
0	1	19	21	29	20	80	50	2	173	
0	0	11	14	21	15	74	41	2	174	
0	0	6	9	15	11	67	34	2	175	
0	0	2	6	10	8	60	28	2	176	
0	0	1	4	7	6	51	23	2	177	
0	0	1	3	6	5	42	18	2	178	
0	0	1	1	4	4	33	14	2	179	
0	0	0	1	3	3	26	11	2	180	
0	0	0	1	2	3	20	8	2	181	
0	0	0	1	2	3	16	7	2	182	
0	0	1	2	3	3	12	6	2	183	
0	0	1	2	3	3	9	6	2	184	
0	0	1	2	3	3	7	5	2	185	
0	0	1	1	2	3	5	5	2	186	
0	0	1	1	2	3	4	4	2	187	
0	0	0	1	2	3	4	4	2	189	
0	0	0	1	2	3	4	4	2	190	
0	0	1	2	3	4	4	4	2	191	
0	0	1	2	3	6	4	4	2	192	
31	15	9	5	4	10	3	4	2	193	
55	24	16	19	8	18	3	4	2	194	
80	40	29	33	13	29	3	5	2	195	
106	63	47	50	23	44	4	10	2	196	
136	113	68	71	38	61	4	16	2	197	
140	127	92	90	55	78	4	24	2	198	
162	147	110	110	73	96	6	36	2	199	
171	159	130	127	92	112	8	49	2	200	
162	160	145	139	110	124	14	64	2	201	
147	152	152	145	124	133	22	79	2	202	
150	150	152	148	135	139	34	94	2	204	
145	147	151	148	141	142	48	107	2	205	
155	151	149	148	144	144	65	118	2	206	
163	157	149	150	146	146	81	125	2	207	
182	159	152	151	147	149	98	131	2	208	
184	171	155	157	148	153	112	135	2	209	
195	177	170	163	152	158	123	139	2	210	
236	187	178	170	157	166	132	143	2	211	
247	230	197	183	163	176	137	148	2	212	
254	242	213	210	173	187	140	153	2	213	
255	247	227	222	185	198	143	159	2	214	
255	250	237	231	197	209	146	167	2	215	
255	252	243	238	209	219	149	176	2	216	
255	252	246	242	219	226	154	186	2	217	
255	252	248	244	234	232	160	196	2	218	
254	252	249	245	238	235	168	205	2	219	
255	252	249	246	241	239	177	213	2	220	
255	252	249	246	242	241	188	219	2	221	
255	252	249	246	243	241	199	224	2	222	
255	252	249	247	244	242	209	228	2	223	
255	252	249	247	244	242	217	231	2	224	
255	252	249	247	244	241	224	233	2	225	
255	252	249	246	244	241	229	235	2	226	
255	252	249	246	244	241	232	235	2	227	
255	252	249	247	244	241	235	236	2	228	
255	252	249	247	244	242	237	236	2	229	
255	252	249	247	244	242	238	237	2	230	
255	252	249	246	244	241	239	237	2	231	
255	252	249	246	244	241	239	237	2	232	
255	252	249	246	244	241	239	236	2	233	
255	252	249	246	244	242	239	236	2	234	
255	252	249	247	244	242	239	236	2	235	
255	252	249	247	244	242	239	236	2	236	
255	252	249	247	244	241	239	237	2	238	
255	252	249	246	244	241	239	237	2	239	
255	252	249	246	244	241	239	237	2	240	
255	252	249	246	244	241	239	236	2	241	
255	252	249	246	244	242	239	236	2	242	
255	252	249	247	244	242	239	236	2	243	
255	252	249	247	244	242	239	237	2	244	
253	250	249	247	244	241	239	237	2	245	
217	231	249	246	244	239	239	237	2	246	
188	207	248	240	243	234	239	236	2	247	
154	177	237	229	240	225	239	235	2	248	
95	130	220	212	233	210	239	234	2	249	
18	68	196	184	221	186	239	230	2	250	
0	33	159	145	200	155	239	223	2	251	
0	15	108	105	170	122	239	210	2	252	
0	6	67	72	135	66	237	191	2	253	
0	2	39	46	100	46	234	167	2	254	
0	0	21	29	71	31	228	141	2	255	
0	0	11	18	48	21	217	115	2	0	
0	0	5	10	32	19	198	90	2	1	
98	61	1	6	21	32	173	69	2	2	
255	163	34	20	13	58	144	51	2	3	
255	209	104	63	17	91	114	39	2	4	
255	233	159	153	42	126	86	35	2	5	
255	245	198	187	78	158	63	41	2	6	
255	250	223	211	117	184	45	78	2	7	
255	252	237	227	153	204	24	103	2	8	
255	252	244	236	183	218	29	129	2	9	
255	252	248	242	220	228	45	153	2	10	
254	252	249	245	231	239	70	175	2	11	
255	252	250	246	237	241	101	192	2	12	
255	252	250	247	241	241	132	206	2	13	
255	252	250	247	243	241	160	217	2	14	
255	252	250	247	244	237	183	224	2	16	
242	243	249	244	244	229	201	228	2	17	
191	213	244	234	243	215	215	231	2	18	
121	178	226	216	237	196	225	232	2	19	
85	147	200	193	225	174	232	230	2	20	
83	112	170	165	207	151	235	225	2	21	
85	95	138	139	183	129	237	200	2	22	
70	76	114	117	159	110	236	183	2	23	
54	63	98	100	136	94	231	164	2	24	
50	55	85	84	115	80	221	144	2	25	
43	47	71	72	98	68	206	126	2	26	
45	46	62	62	84	59	187	109	2	27	
50	47	53	55	71	53	166	94	2	28	
38	42	49	50	62	48	145	81	2	29	
48	44	47	46	55	44	124	69	2	31	
34	38	44	44	49	41	107	61	2	32	
7	22	43	41	46	36	91	54	2	33	
7	14	40	36	43	32	77	49	2	34	
24	20	30	29	39	27	66	44	2	35	
0	9	22	26	33	24	58	39	2	36	
31	21	14	20	29	23	51	34	2	37	
41	31	18	19	24	23	47	30	2	38	
44	38	24	21	22	26	43	27	2	39	
56	48	31	33	22	32	39	26	2	40	
83	67	40	43	24	38	34	26	2	41	
81	71	54	52	28	44	30	27	2	42	
53	63	63	56	36	50	26	30	2	43	
72	67	62	60	44	53	24	34	2	44	
43	52	65	58	55	52	24	38	2	45	
6	28	57	49	56	43	25	43	2	46	
17	23	42	41	52	37	29	46	2	47	
12	18	33	33	46	32	34	46	2	48	
22	20	25	28	39	31	39	45	2	50	
32	26	22	26	33	32	44	42	2	51	
64	46	35	30	29	34	48	38	2	52	
61	53	44	37	30	37	50	35	2	53	
46	49	46	41	33	41	49	34	2	54	
67	48	47	48	37	44	45	34	2	55	
63	58	53	51	40	47	40	34	2	56	
54	60	56	53	44	49	35	37	2	57	
68	63	55	56	47	53	32	40	2	58	
80	72	59	61	49	59	33	42	2	59	
110	92	66	70	52	64	35	46	2	60	
74	80	80	74	56	66	38	50	2	61	
51	65	79	71	64	67	41	54	2	62	
69	67	71	69	68	64	43	57	2	63	
33	47	68	62	69	59	46	60	2	65	
15	31	56	51	69	53	50	60	2	66	
12	21	42	41	64	45	55	60	2	67	
13	17	31	33	57	38	59	57	2	68	
0	25	24	29	48	32	62	53	2	69	
24	11	24	23	40	27	64	48	2	70	
0	18	17	20	34	23	63	42	2	71	
0	8	12	16	28	19	61	36	2	72	
0	2	8	12	24	16	56	31	2	73	
0	1	5	7	19	13	49	27	2	74	
0	0	3	5	16	10	43	24	2	75	
15	10	2	6	13	9	36	20	2	76	
41	26	6	11	10	9	31	17	2	77	
76	53	16	23	8	13	26	14	2	78	
100	79	36	41	7	22	22	12	2	79	
102	90	59	57	16	34	19	12	2	80	
120	109	75	75	29	67	16	15	2	81	
177	145	93	98	44	85	13	21	2	82	
175	160	121	119	60	104	10	29	2	83	
183	173	141	138	80	126	10	41	2	84	
243	212	187	163	100	148	12	55	2	85	
255	233	211	186	119	169	17	70	2	86	
255	244	227	206	142	188	27	88	2	87	
255	249	238	231	165	203	39	108	2	88	
255	251	244	238	186	215	54	128	2	89	
255	252	247	242	203	224	71	148	2	90	
255	252	248	244	217	231	89	181	2	91	
255	252	249	246	226	236	130	195	2	92	
255	252	250	247	233	239	152	206	2	93	
255	252	250	247	241	240	171	216	2	94	
255	252	249	246	243	241	188	222	2	95	
255	252	249	246	244	241	202	227	2	96	
255	252	249	246	244	241	213	230	2	97	
255	252	249	246	244	242	222	232	2	99	
255	252	249	247	244	242	229	234	2	100	
255	252	249	247	244	241	233	235	2	101	
255	252	249	246	244	241	236	236	2	102	
255	252	249	246	244	241	237	236	2	103	
255	252	249	246	244	241	238	236	2	104	
255	252	249	246	244	241	238	236	2	105	
255	252	249	247	243	242	239	236	2	106	
255	252	249	247	244	242	239	236	2	107	
255	244	249	247	244	241	239	237	2	108	
241	246	249	244	244	240	239	237	2	109	
249	249	245	243	244	239	238	237	2	110	
255	250	244	243	243	239	239	236	2	111	
255	251	245	244	242	239	239	236	2	112	
255	252	247	245	241	240	239	235	2	113	
255	205	248	245	241	231	239	235	2	114	
163	216	248	233	242	222	238	235	2	115	
226	186	224	226	242	210	238	235	2	116	
169	149	219	211	236	192	237	234	2	117	
120	114	200	190	229	174	237	231	2	118	
85	114	139	164	218	156	237	227	2	119	
113	112	125	144	202	141	237	220	2	120	
114	119	117	130	181	130	235	210	2	121	
127	123	117	119	161	123	231	197	2	122	
128	126	118	119	144	119	225	182	2	123	
131	122	121	119	132	118	215	167	2	124	
120	125	120	120	124	118	185	141	2	125	
129	127	122	121	120	118	168	132	2	126	
129	125	124	122	118	116	152	126	2	127	
125	105	124	116	119	108	139	122	2	128	
94	97	112	109	120	103	129	119	2	129	
88	100	104	104	116	97	123	116	2	130	
105	85	101	97	112	92	119	114	2	131	
76	75	91	89	107	88	117	111	2	133	
66	85	82	86	101	86	117	108	2	134	
95	85	84	84	94	85	115	103	2	135	
87	99	84	87	89	85	112	99	2	136	
105	100	91	90	86	83	109	94	2	137	
68	81	95	87	86	79	105	90	2	138	
50	65	86	80	87	75	100	87	2	139	
66	63	74	75	86	67	90	84	2	140	
65	30	70	70	82	59	87	82	2	141	
0	29	65	56	78	50	85	79	2	142	
25	30	45	46	73	43	84	74	2	143	
34	23	37	39	63	37	83	68	2	144	
19	17	33	33	54	32	80	61	2	145	
12	21	27	28	45	30	76	55	2	146	
23	42	22	25	38	31	70	48	2	148	
59	62	22	29	33	37	63	42	2	149	
80	79	33	38	29	44	55	38	2	150	
95	81	48	50	29	52	48	35	2	151	
75	78	64	60	33	59	42	34	2	152	
79	78	72	67	42	64	36	37	2	153	
61	68	77	72	51	66	32	41	2	154	
73	71	72	71	59	66	31	47	2	155	
53	59	71	71	65	66	34	52	2	156	
75	70	64	66	68	64	39	56	2	157	
63	63	67	64	69	62	46	59	2	158	
35	48	63	59	67	58	53	60	2	159	
38	43	54	53	66	55	59	61	2	160	
51	47	48	50	65	51	62	61	2	161	
51	48	47	48	61	48	63	60	2	162	
45	46	47	46	53	48	64	58	2	163	
64	55	46	48	49	49	64	55	2	164	
67	61	50	51	47	50	62	52	2	165	
60	59	55	54	47	48	60	49	2	167	
43	51	57	53	49	46	56	48	2	168	
23	35	43	47	51	43	53	48	2	169	
41	39	41	44	51	40	50	48	2	170	
12	36	38	40	49	35	48	47	2	171	
3	24	30	29	46	32	47	46	2	172	
40	15	22	28	42	30	48	45	2	173	
35	29	26	28	38	29	49	42	2	174	
38	34	28	29	33	28	46	37	2	175	
35	34	31	30	30	28	44	35	2	176	
30	31	32	30	29	28	41	32	2	177	
23	27	31	29	28	27	38	30	2	178	
9	18	28	26	29	25	35	29	2	179	
0	9	23	21	29	22	32	28	2	180	
0	4	16	16	29	19	30	28	2	182	
0	2	10	12	27	15	29	27	2	183	
0	0	6	8	24	13	28	25	2	184	
22	12	3	8	20	12	28	23	2	185	
28	13	8	9	16	12	27	20	2	186	
41	22	10	13	12	14	26	18	2	187	
51	32	24	18	10	18	24	16	2	188	
56	43	34	26	10	22	21	15	2	189	
16	32	40	32	12	25	17	15	2	190	
91	65	35	43	15	32	15	15	2	191	
72	66	52	50	21	38	13	16	2	192	
64	66	59	56	26	45	13	19	2	193	
120	96	63	69	29	53	14	22	2	194	
163	132	81	88	36	65	16	27	2	195	
185	160	108	111	43	81	19	33	2	196	
203	181	136	134	50	100	22	39	2	197	
168	173	159	149	75	132	27	47	2	198	
150	162	166	156	94	143	33	58	2	199	
167	164	164	160	115	148	39	71	2	200	
141	151	164	157	132	150	47	86	2	201	
140	145	149	153	144	150	57	101	2	202	
160	153	151	151	152	151	70	115	2	203	
187	170	161	155	154	154	86	126	2	204	
185	176	168	167	153	158	103	133	2	205	
190	183	175	172	151	162	119	138	2	206	
180	181	178	170	153	164	131	142	2	207	
157	162	171	167	157	164	140	146	2	208	
158	146	165	159	162	161	147	152	2	209	
137	129	154	149	166	156	149	155	2	210	
116	117	140	137	167	148	151	157	2	211	
108	115	127	128	161	133	154	157	2	212	
113	126	119	125	154	124	158	156	2	213	
136	96	122	113	144	115	160	153	2	214	
82	94	106	105	135	109	161	148	2	216	
85	110	99	104	129	104	160	142	2	217	
130	95	104	100	119	98	157	135	2	218	
87	69	97	89	111	91	151	127	2	219	
72	71	81	83	107	85	144	120	2	220	
84	77	76	79	102	80	137	113	2	221	
71	72	76	75	94	75	129	107	2	222	
60	45	72	70	87	68	120	101	2	223	
33	22	67	61	82	60	107	94	2	224	
0	11	54	49	77	51	101	88	2	225	
0	5	37	37	72	42	95	82	2	226	
0	2	24	26	65	32	88	77	2	227	
0	0	14	18	56	24	83	70	2	228	
0	0	8	11	45	18	77	63	2	229	
0	0	4	7	35	13	71	55	2	230	
0	0	2	4	26	7	65	47	2	231	
0	0	1	3	18	7	57	39	2	232	
0	14	1	2	13	20	48	32	2	233	
14	144	1	6	9	45	39	25	2	234	
255	199	9	46	6	78	30	20	2	235	
255	228	144	94	5	114	23	16	2	236	
255	242	188	140	6	148	18	13	2	237	
255	249	216	177	28	176	14	15	2	238	
255	252	234	223	63	199	10	23	2	239	
255	252	243	234	103	214	9	40	2	240	
255	252	248	241	141	225	15	63	2	241	
255	252	249	244	174	233	57	90	2	242	
255	252	250	246	199	237	88	145	2	243	
255	252	250	247	217	240	121	168	2	244	
255	252	250	247	228	223	151	186	2	245	
255	193	250	231	240	204	176	202	2	246	
151	140	217	202	242	178	196	213	2	247	
94	110	175	170	244	149	211	222	2	248	
87	72	140	135	235	120	222	226	2	250	
43	49	102	103	216	96	230	224	2	251	
31	39	72	78	191	76	234	217	2	252	
32	41	53	61	160	62	234	204	2	253	
43	41	46	51	129	52	227	185	2	254	
57	49	42	47	101	44	213	163	2	255	
26	35	45	41	79	38	192	140	2	0	
29	21	38	37	63	33	141	117	2	1	
12	10	35	32	54	28	115	79	2	2	
0	5	27	25	46	23	92	66	2	3	
0	2	19	19	41	18	75	55	2	4	
0	1	12	14	35	14	61	47	2	5	
0	4	7	9	30	11	51	40	2	6	
7	7	4	7	24	9	43	33	2	7	
10	3	4	6	19	9	37	28	2	9	
0	9	6	6	14	8	32	23	2	10	
13	4	4	7	11	8	26	19	2	11	
1	2	8	7	9	7	21	16	2	12	
9	6	6	6	8	7	17	14	2	13	
18	12	4	6	8	8	14	12	2	14	
9	10	9	7	7	9	12	11	2	15	
4	7	9	8	7	9	11	9	2	16	
12	10	9	9	7	10	10	9	2	17	
19	15	10	11	7	10	9	8	2	18	
0	6	12	10	8	10	8	9	2	19	
0	3	9	8	9	9	8	9	2	20	
0	1	6	6	9	8	8	10	2	21	
0	0	4	5	11	8	9	10	2	22	
0	0	3	4	10	7	9	10	2	23	
0	0	2	3	9	7	10	9	2	24	
10	7	2	4	7	7	10	9	2	25	
26	15	5	7	6	10	10	9	2	26	
10	13	10	9	5	13	9	9	2	28	
49	32	11	15	5	16	9	8	2	29	
30	29	25	20	6	18	9	7	2	30	
0	14	20	19	8	20	8	7	2	31	
31	27	24	22	12	22	7	8	2	32	
40	29	26	26	16	25	7	10	2	33	
50	34	30	31	17	30	7	12	2	34	
73	43	37	40	20	38	9	14	2	35	
98	80	49	53	22	47	14	15	2	36	
104	91	65	65	24	56	16	19	2	37	
76	83	79	72	27	65	18	22	2	38	
117	101	81	82	34	72	20	27	2	39	
89	93	92	86	55	77	22	33	2	40	
68	79	91	84	64	77	26	40	2	41	
49	62	84	77	73	75	33	48	2	43	
59	61	72	72	79	71	41	55	2	44	
50	54	66	65	81	67	49	62	2	45	
61	58	59	61	78	63	57	67	2	46	
55	65	58	60	75	60	65	70	2	47	
42	57	61	58	69	57	71	70	2	48	
61	50	53	55	64	55	74	68	2	49	
33	55	54	54	61	53	74	66	2	50	
52	48	47	50	59	50	72	63	2	51	
63	56	48	50	56	49	68	60	2	52	
76	65	51	53	55	49	65	58	2	53	
91	80	58	61	52	53	61	56	2	54	
102	90	70	70	50	58	58	53	2	55	
121	108	80	82	49	66	56	51	2	56	
130	118	95	94	51	76	54	49	2	57	
115	117	107	102	56	85	51	49	2	58	
206	167	112	122	73	115	50	52	2	59	
239	204	142	148	84	136	49	56	2	60	
251	228	174	174	93	158	50	62	2	61	
255	241	202	197	108	179	54	69	2	62	
255	248	235	215	129	196	61	78	2	63	
255	251	243	228	152	211	69	89	2	64	
255	252	247	236	175	221	77	104	2	65	
255	252	248	244	195	229	88	121	2	66	
255	252	249	245	211	234	103	140	2	67	
255	252	249	246	223	238	120	158	2	68	
255	252	249	247	231	240	141	175	2	69	
255	252	250	247	237	241	180	189	2	70	
255	252	249	247	240	241	196	211	2	71	
254	252	249	246	242	241	209	220	2	72	
255	252	249	246	244	241	218	226	2	73	
255	252	249	246	244	241	226	230	2	74	
255	252	249	246	244	242	231	232	2	75	
255	252	249	247	244	242	235	234	2	77	
255	252	249	247	244	241	237	235	2	78	
254	252	249	246	244	241	238	235	2	79	
255	252	249	246	244	241	238	236	2	80	
255	252	249	246	244	241	239	237	2	81	
254	252	249	246	244	240	239	237	2	82	
214	230	249	241	244	238	239	236	2	83	
254	237	238	240	243	236	239	236	2	84	
240	215	240	237	244	232	239	236	2	85	
196	193	237	229	241	225	239	236	2	86	
180	154	224	216	239	213	239	235	2	87	
120	172	206	195	237	202	239	234	2	88	
188	155	177	185	231	189	238	232	2	89	
147	149	174	172	222	178	237	228	2	90	
143	162	162	162	207	169	235	222	2	91	
173	184	154	159	195	164	232	215	2	92	
205	193	157	164	182	166	226	205	2	93	
204	180	170	171	170	168	218	195	2	94	
171	179	181	174	164	169	208	184	2	95	
177	164	179	175	163	166	197	176	2	96	
155	145	170	172	166	160	185	170	2	97	
130	140	156	163	169	155	175	167	2	98	
136	141	147	154	171	149	168	166	2	99	
145	143	143	144	170	146	165	166	2	100	
146	150	142	144	166	145	165	164	2	101	
157	155	145	146	159	144	166	162	2	102	
161	156	150	148	152	142	165	158	2	103	
160	124	152	140	147	138	161	151	2	104	
99	128	136	135	145	133	156	148	2	105	
129	115	131	127	145	116	152	146	2	106	
109	88	121	114	142	106	148	143	2	107	
67	82	102	102	137	98	145	140	2	108	
77	82	91	93	131	92	144	136	2	109	
83	84	85	88	121	89	142	132	2	111	
87	94	84	87	110	88	139	126	2	112	
104	99	88	89	100	87	134	118	2	113	
105	97	93	90	93	83	128	111	2	114	
83	89	94	90	89	77	120	103	2	115	
24	51	91	78	88	67	112	97	2	116	
30	44	68	67	88	56	103	92	2	117	
10	15	56	52	88	45	91	89	2	118	
4	11	38	39	82	36	88	83	2	119	
8	18	26	29	73	32	87	76	2	120	
24	37	18	24	61	32	84	69	2	121	
54	59	18	26	49	36	79	60	2	122	
77	75	28	35	38	43	72	51	2	123	
89	86	44	47	30	52	62	44	2	124	
97	93	60	60	28	61	52	40	2	126	
100	93	74	71	32	68	43	37	2	127	
94	82	84	79	39	74	36	38	2	128	
72	83	88	81	50	77	34	41	2	129	
86	84	84	82	60	79	35	47	2	130	
94	89	84	83	69	81	39	53	2	131	
95	92	86	84	75	83	46	60	2	132	
108	99	89	86	78	85	54	65	2	133	
91	95	94	89	80	85	61	70	2	134	
76	83	93	88	82	85	68	73	2	135	
72	77	87	84	83	81	73	75	2	136	
48	61	81	76	85	76	76	78	2	137	
58	59	70	70	87	68	78	80	2	138	
26	38	64	58	87	59	80	81	2	139	
4	23	49	46	85	52	82	81	2	140	
57	41	35	42	80	42	83	78	2	141	
30	34	38	38	64	42	84	74	2	142	
43	40	35	38	54	47	82	68	2	143	
84	65	37	45	47	57	78	62	2	145	
129	99	52	61	42	71	72	56	2	146	
141	121	99	79	39	85	64	51	2	147	
148	135	118	98	42	98	57	47	2	148	
128	139	129	112	52	105	50	46	2	149	
68	132	130	115	66	106	45	48	2	150	
82	95	111	107	82	104	43	55	2	151	
86	90	100	99	97	98	45	64	2	152	
74	79	92	91	109	92	62	75	2	153	
80	79	84	85	111	88	74	91	2	154	
96	87	80	84	109	86	87	95	2	155	
99	92	83	85	103	84	96	95	2	156	
87	88	87	85	96	84	101	94	2	157	
104	97	87	88	89	85	102	92	2	158	
97	95	92	89	86	82	99	89	2	160	
38	62	93	81	85	76	95	87	2	161	
16	38	75	67	84	67	91	85	2	162	
4	21	55	52	86	56	87	84	2	163	
0	10	37	38	87	45	85	82	2	164	
0	4	23	27	82	34	84	79	2	165	
0	1	7	17	73	25	84	75	2	166	
6	0	4	11	61	18	82	68	2	167	
28	16	3	7	49	15	78	60	2	168	
65	43	10	18	37	15	71	50	2	169	
44	40	27	25	27	18	62	41	2	170	
65	58	33	36	19	23	52	33	2	171	
127	94	47	54	13	33	41	27	2	172	
109	101	72	69	11	45	32	23	2	173	
141	123	87	87	15	60	25	21	2	174	
136	130	106	102	20	76	19	21	2	175	
186	161	118	122	28	110	17	24	2	176	
183	172	142	140	56	127	18	30	2	177	
203	189	158	156	72	143	20	39	2	178	
211	200	174	171	88	157	27	51	2	179	
214	207	197	183	106	170	37	64	2	180	
220	213	205	193	123	182	49	79	2	181	
223	217	211	201	140	190	64	94	2	182	
217	217	213	208	156	196	80	110	2	183	
209	212	212	209	170	200	96	125	2	184	
217	214	212	208	181	202	113	140	2	185	
207	209	209	201	191	201	129	154	2	186	
173	188	196	195	198	198	158	166	2	187	
186	187	191	190	203	194	171	183	2	188	
183	183	186	184	205	189	181	188	2	189	
172	176	179	177	205	178	189	191	2	190	
164	169	173	174	197	173	194	193	2	191	
179	173	172	169	192	167	197	192	2	192	
159	164	166	160	187	161	198	190	2	194	
136	146	154	154	181	153	197	187	2	195	
141	145	149	144	176	143	194	182	2	196	
124	129	137	129	171	133	190	178	2	197	
108	100	116	119	164	124	185	173	2	198	
123	105	110	114	158	118	180	168	2	199	
130	114	111	114	150	116	175	162	2	200	
142	121	115	117	138	116	169	155	2	201	
142	135	123	122	127	118	157	146	2	202	
127	131	128	125	119	121	149	130	2	203	
156	144	129	130	115	123	139	124	2	204	
123	131	137	130	116	123	130	120	2	205	
112	120	132	126	118	121	122	118	2	206	
91	102	125	118	121	112	118	118	2	207	
24	59	112	99	125	99	116	118	2	208	
0	29	82	76	126	64	117	118	2	209	
0	14	53	54	125	48	118	118	2	210	
0	6	33	37	120	35	120	115	2	211	
0	2	19	24	108	25	121	109	2	212	
0	0	10	15	90	17	120	100	2	213	
0	0	2	9	71	12	114	87	2	214	
0	0	1	5	52	9	105	73	2	215	
0	0	1	3	37	10	91	59	2	216	
0	0	1	15	25	26	76	47	2	217	
77	48	27	58	17	52	59	37	2	218	
255	158	98	105	11	86	45	29	2	219	
255	207	155	149	8	122	25	22	2	220	
255	232	195	184	5	155	18	19	2	221	
255	244	221	209	11	182	13	29	2	222	
255	250	236	226	36	217	12	46	2	223	
255	252	244	236	73	227	19	71	2	224	
255	252	248	242	150	234	38	98	2	225	
255	252	249	244	180	238	65	125	2	226	
255	252	250	246	203	240	96	151	2	228	
254	252	250	247	220	236	128	172	2	229	
255	252	250	245	230	224	157	190	2	230	
247	246	246	231	237	205	181	205	2	231	
105	201	220	205	241	180	200	215	2	232	
80	148	181	173	243	153	214	223	2	233	
59	111	143	140	243	123	224	226	2	234	
34	81	108	108	235	96	235	225	2	235	
7	29	77	78	218	73	234	205	2	236	
24	26	50	57	193	55	227	187	2	237	
16	20	36	41	164	42	214	166	2	238	
26	23	27	32	133	32	194	141	2	239	
21	20	24	26	103	25	170	117	2	240	
0	9	21	20	78	20	143	94	2	241	
5	8	14	16	58	16	116	75	2	243	
0	3	11	12	43	12	91	59	2	244	
0	2	7	9	33	9	70	47	2	245	
0	0	5	6	26	8	53	37	2	246	
12	0	3	4	21	8	41	30	2	247	
20	7	1	4	16	10	32	23	2	248	
45	13	9	7	13	12	25	18	2	249	
26	30	20	14	9	15	20	15	2	250	
31	29	23	18	7	17	15	12	2	251	
16	22	26	22	6	19	12	12	2	252	
16	19	24	22	7	19	10	12	2	253	
0	9	21	18	11	18	9	12	2	254	
0	5	15	15	14	16	10	13	2	255	
0	2	10	11	18	14	11	15	2	0	
6	5	7	9	20	13	13	16	2	1	
36	22	6	12	20	19	15	17	2	2	
56	40	14	19	19	26	17	17	2	3	
67	54	27	29	15	34	18	16	2	4	
73	64	41	41	12	43	18	15	2	6	
67	66	53	50	12	50	17	15	2	7	
82	74	67	58	16	54	16	16	2	8	
72	72	70	63	23	56	15	19	2	9	
63	54	61	61	32	57	15	23	2	10	
62	60	60	59	41	56	17	29	2	11	
32	59	59	54	50	54	22	36	2	12	
54	44	50	52	56	54	29	41	2	13	
71	61	50	54	58	55	44	46	2	14	
90	76	56	60	59	58	49	51	2	15	
94	84	66	67	59	62	52	52	2	16	
89	86	75	72	56	66	55	52	2	17	
71	77	80	74	54	68	55	53	2	18	
54	64	78	72	56	66	54	53	2	19	
28	43	70	63	61	60	54	55	2	21	
0	21	55	50	66	51	54	58	2	22	
3	13	37	37	70	41	55	61	2	23	
0	5	25	26	70	33	59	62	2	24	
0	5	15	19	65	25	62	61	2	25	
0	2	10	12	56	19	65	57	2	26	
14	1	3	8	46	15	65	51	2	27	
27	8	6	8	35	13	61	45	2	28	
37	28	12	10	27	13	55	38	2	29	
57	43	20	23	19	15	47	32	2	30	
67	55	32	33	14	20	39	27	2	31	
66	61	44	42	11	28	31	22	2	32	
57	58	53	48	11	35	25	19	2	33	
53	56	55	52	13	41	20	17	2	34	
56	54	56	53	17	45	16	17	2	35	
34	44	54	50	25	47	14	20	2	36	
65	55	49	51	34	49	15	25	2	37	
53	53	52	51	46	50	18	30	2	38	
65	60	52	53	49	54	23	34	2	39	
101	83	56	62	49	62	29	38	2	40	
150	119	96	79	50	75	36	41	2	41	
172	147	123	100	50	92	40	43	2	42	
209	181	154	126	51	115	43	45	2	43	
255	219	188	184	57	140	45	48	2	44	
255	237	213	206	69	164	47	52	2	45	
255	246	230	222	85	185	48	59	2	46	
254	250	240	232	106	203	51	69	2	47	
255	252	245	239	133	216	67	83	2	48	
255	252	248	243	159	225	81	121	2	49	
255	252	249	245	183	232	99	142	2	50	
255	252	249	246	203	239	121	162	2	51	
255	252	249	247	228	241	145	179	2	52	
255	252	250	247	234	241	167	193	2	53	
255	252	249	247	239	241	186	205	2	55	
255	252	249	246	241	241	201	215	2	56	
255	252	249	246	243	241	213	222	2	57	
255	252	249	246	244	241	222	228	2	58	
255	252	249	246	244	242	229	231	2	59	
255	252	249	247	244	242	234	233	2	60	
255	252	249	247	244	241	236	234	2	61	
255	252	249	246	244	241	238	235	2	62	
255	252	249	246	244	241	238	236	2	63	
255	252	249	246	244	241	239	237	2	64	
255	252	249	246	244	241	239	236	2	65	
255	252	249	246	244	242	239	236	2	66	
255	252	249	247	244	242	239	236	2	67	
255	252	249	247	243	241	239	236	2	68	
255	252	249	246	244	240	239	237	2	69	
233	240	249	243	244	230	238	237	2	70	
208	222	242	235	244	218	239	237	2	71	
160	186	230	219	244	203	239	236	2	72	
130	157	205	199	244	186	239	236	2	73	
143	148	179	179	242	171	239	235	2	74	
122	133	145	161	237	160	239	232	2	75	
148	141	141	151	226	154	238	226	2	76	
162	151	145	147	211	154	236	218	2	77	
184	169	157	160	194	154	231	206	2	78	
206	186	171	160	175	153	223	193	2	79	
137	158	162	154	161	150	211	180	2	80	
125	141	150	150	153	146	181	170	2	81	
147	144	146	141	151	139	168	158	2	82	
115	126	134	129	155	131	159	155	2	83	
94	108	119	121	156	124	155	152	2	84	
113	111	114	120	154	125	154	148	2	85	
140	126	120	125	144	129	152	144	2	86	
154	140	130	132	135	133	150	139	2	87	
162	151	141	141	127	133	146	134	2	89	
173	162	151	145	123	132	141	130	2	90	
154	155	152	136	123	126	135	127	2	91	
80	113	130	130	127	117	129	126	2	92	
81	117	123	117	133	105	126	127	2	93	
54	94	106	102	138	94	124	128	2	94	
66	72	87	89	136	87	126	128	2	95	
75	69	77	80	132	83	130	127	2	96	
98	85	73	79	123	80	130	116	2	97	
105	94	79	82	111	74	127	108	2	98	
61	75	86	79	98	68	120	100	2	99	
0	36	79	66	88	60	111	93	2	100	
50	47	55	59	83	52	101	88	2	101	
42	40	52	51	81	45	92	82	2	102	
0	19	44	40	79	40	86	76	2	104	
48	35	30	37	71	37	82	70	2	105	
23	27	33	33	64	38	77	63	2	106	
53	43	29	35	56	42	71	56	2	107	
80	65	37	43	47	47	64	50	2	108	
81	71	52	52	41	55	56	45	2	109	
107	77	69	60	36	64	50	42	2	110	
120	94	82	71	36	75	44	41	2	111	
120	107	95	83	39	84	40	42	2	112	
120	113	104	102	45	92	39	45	2	113	
114	117	111	106	52	97	40	51	2	114	
100	114	112	107	62	99	43	58	2	115	
89	106	108	103	72	100	49	66	2	116	
108	97	101	102	83	100	57	74	2	117	
109	102	101	102	92	98	66	81	2	118	
75	105	103	96	99	91	76	86	2	119	
67	87	93	90	102	85	85	90	2	120	
95	77	84	87	101	80	91	93	2	121	
57	86	85	80	101	75	95	94	2	123	
68	69	75	75	98	71	97	94	2	124	
51	69	63	68	93	67	98	92	2	125	
84	58	67	68	89	65	97	89	2	126	
81	72	60	63	83	64	95	85	2	127	
81	56	65	67	78	64	92	81	2	128	
66	70	70	67	72	64	87	77	2	129	
78	76	68	68	69	67	83	73	2	130	
100	69	72	74	65	71	73	70	2	131	
104	88	80	81	64	78	69	64	2	132	
136	97	88	92	65	85	66	63	2	133	
107	117	104	99	65	94	65	64	2	134	
158	112	107	111	66	104	63	66	2	135	
170	138	124	124	75	114	63	69	2	136	
155	153	139	134	84	124	65	74	2	138	
152	154	146	141	91	132	68	79	2	139	
157	153	149	146	101	138	73	86	2	140	
158	155	152	149	113	141	79	95	2	141	
112	155	153	148	123	141	87	104	2	142	
124	145	148	141	132	138	95	113	2	143	
103	127	136	134	139	132	105	121	2	144	
75	125	129	125	144	124	115	127	2	145	
91	112	119	113	145	116	124	131	2	146	
111	92	102	101	142	109	131	132	2	147	
120	101	97	102	137	105	136	132	2	148	
131	110	98	106	130	103	138	129	2	149	
128	121	104	110	120	103	137	124	2	150	
71	122	112	105	111	103	134	119	2	151	
109	94	116	104	105	103	128	113	2	152	
98	104	103	101	102	101	121	108	2	153	
70	98	103	94	103	94	114	105	2	154	
92	82	100	91	104	93	108	103	2	155	
123	88	89	94	104	93	104	102	2	156	
123	106	88	98	102	95	103	101	2	157	
100	113	97	100	97	96	102	99	2	158	
96	105	104	100	93	94	102	96	2	159	
67	99	101	94	93	89	101	94	2	160	
29	81	89	66	95	80	98	93	2	161	
24	52	69	53	97	69	95	92	2	162	
33	38	52	45	98	59	93	93	2	163	
32	35	42	40	95	51	92	92	2	164	
42	33	37	46	86	48	94	90	2	165	
85	38	37	54	74	48	93	79	2	166	
89	63	51	64	63	53	90	72	2	167	
98	76	63	75	53	69	83	64	2	168	
106	88	76	89	46	80	74	58	2	169	
138	97	87	100	50	91	65	54	2	170	
129	119	104	112	57	102	57	52	2	172	
140	123	114	120	66	111	52	53	2	173	
136	133	124	128	78	121	49	57	2	174	
153	133	128	140	89	131	51	64	2	175	
179	145	137	151	101	140	55	72	2	176	
162	168	153	156	110	147	62	82	2	177	
166	172	163	159	119	151	72	91	2	178	
141	166	164	158	130	151	82	100	2	179	
134	165	164	152	140	150	102	110	2	180	
155	142	157	150	148	148	112	128	2	181	
141	149	148	146	153	145	122	135	2	182	
138	143	148	143	155	144	131	140	2	183	
170	140	144	145	153	145	139	143	2	184	
183	156	141	152	151	148	145	144	2	185	
161	170	149	156	147	151	148	143	2	186	
183	165	159	161	144	154	148	142	2	187	
156	174	161	162	144	156	147	143	2	188	
172	164	168	163	147	156	145	144	2	189	
144	167	165	159	151	154	143	145	2	190	
136	153	165	153	155	152	144	147	2	191	
142	143	158	149	158	148	145	148	2	192	
141	142	145	145	159	145	148	150	2	193	
141	140	142	142	158	143	150	151	2	194	
168	140	140	142	155	141	152	150	2	195	
134	156	148	139	151	139	153	149	2	196	
132	141	142	132	147	135	153	147	2	197	
107	137	139	125	143	131	149	144	2	198	
112	118	127	116	143	125	146	140	2	199	
92	115	120	106	141	117	143	137	2	200	
83	101	109	99	139	109	141	134	2	201	
94	91	98	94	134	91	139	130	2	202	
91	92	94	78	121	79	136	125	2	203	
11	89	90	59	113	65	132	118	2	204	
0	45	64	43	105	51	127	111	2	206	
0	23	42	30	98	39	120	104	2	207	
0	11	26	20	86	28	113	95	2	208	
0	5	15	12	71	20	106	84	2	209	
0	2	8	7	56	14	97	72	2	210	
0	0	4	4	42	10	86	60	2	211	
0	0	2	3	30	8	74	48	2	212	
0	0	1	2	21	12	48	38	2	213	
112	0	1	21	14	29	36	24	2	214	
255	68	1	65	9	57	27	19	2	215	
255	167	39	112	6	92	20	16	2	216	
255	211	107	155	5	127	15	19	2	217	
255	234	161	188	14	159	11	30	2	218	
255	245	199	212	42	185	12	49	2	219	
255	250	223	227	79	205	21	74	2	221	
255	252	237	237	118	219	41	102	2	222	
255	252	245	242	154	228	69	129	2	223	
255	252	248	245	184	234	101	154	2	224	
255	252	249	246	206	238	133	175	2	225	
249	252	250	247	221	240	161	192	2	226	
187	252	250	246	231	237	185	206	2	227	
147	247	247	235	237	229	202	216	2	228	
36	213	227	216	241	210	216	224	2	229	
28	98	198	137	243	183	225	228	2	230	
8	62	143	99	243	151	231	227	2	231	
0	32	99	67	238	118	235	221	2	232	
0	14	62	44	225	88	235	208	2	233	
0	6	36	27	198	63	230	189	2	234	
0	2	20	16	165	43	218	165	2	235	
0	0	10	9	129	29	197	139	2	236	
0	0	4	5	96	13	171	112	2	237	
0	0	1	3	46	9	141	87	2	238	
0	0	0	2	30	6	111	66	2	240	
0	0	0	2	19	4	84	49	2	241	
0	0	0	1	12	3	60	36	2	242	
0	0	1	1	7	3	42	27	2	243	
9	0	0	1	5	3	29	20	2	244	
12	0	0	5	4	4	20	14	2	245	
45	5	3	12	3	7	14	10	2	246	
63	9	7	22	2	12	10	8	2	247	
52	30	19	31	2	18	5	6	2	248	
58	49	33	39	3	25	4	7	2	249	
49	54	41	43	4	31	4	8	2	250	
49	51	48	45	9	36	4	11	2	251	
0	49	49	40	16	39	6	14	2	252	
44	23	49	39	31	39	10	19	2	253	
56	37	35	40	37	39	14	24	2	255	
48	45	37	41	41	40	19	29	2	0	
59	46	41	44	40	44	25	32	2	1	
97	54	43	54	40	50	31	34	2	2	
84	77	48	63	39	57	35	35	2	3	
84	83	63	70	40	63	37	36	2	4	
71	83	73	75	42	67	38	39	2	5	
73	83	78	76	48	70	38	42	2	6	
66	77	81	75	55	70	39	47	2	7	
55	69	78	68	63	69	42	52	2	8	
75	60	75	67	69	68	46	56	2	9	
26	68	71	59	72	64	52	60	2	10	
51	44	65	55	73	60	58	63	2	11	
53	49	66	52	72	56	62	64	2	12	
36	51	53	47	69	52	66	65	2	13	
8	41	51	40	68	46	67	65	2	14	
0	24	50	31	63	34	68	63	2	15	
6	12	44	24	55	29	67	60	2	16	
6	10	33	19	50	23	65	56	2	17	
0	7	22	13	44	19	62	52	2	18	
16	3	17	12	37	17	58	48	2	19	
59	11	12	17	30	19	54	43	2	20	
48	36	9	24	24	21	49	38	2	21	
31	40	23	32	19	25	44	33	2	22	
40	36	31	34	15	28	38	28	2	23	
39	38	33	35	16	30	33	24	2	24	
34	39	36	35	20	31	27	22	2	25	
35	36	37	35	24	32	20	21	2	26	
42	35	36	38	28	34	19	23	2	27	
53	38	35	42	31	37	20	25	2	28	
54	46	37	45	33	42	23	26	2	29	
54	50	41	48	34	45	25	28	2	30	
55	52	46	51	36	47	27	30	2	31	
68	53	49	54	39	53	29	32	2	33	
61	61	51	64	42	58	31	34	2	34	
109	61	56	70	45	66	32	36	2	35	
80	87	58	80	48	74	35	39	2	36	
121	82	74	89	50	84	37	41	2	37	
155	100	77	104	57	99	40	44	2	38	
211	110	89	127	63	117	42	48	2	39	
227	135	100	151	72	138	44	54	2	40	
254	177	119	177	81	160	54	60	2	41	
255	229	150	199	93	181	60	77	2	42	
254	242	177	216	110	198	67	89	2	43	
255	248	204	228	131	212	76	104	2	44	
255	251	223	236	155	222	88	122	2	45	
255	252	236	241	177	229	104	141	2	46	
255	252	243	244	197	234	122	160	2	47	
255	252	247	245	213	238	143	176	2	48	
255	252	248	246	224	240	163	190	2	49	
255	252	249	247	232	241	182	202	2	50	
255	252	249	247	237	241	197	212	2	51	
255	252	249	247	240	241	210	220	2	52	
255	252	250	246	242	241	219	226	2	53	
255	252	249	246	244	241	226	230	2	54	
255	252	249	246	244	242	232	232	2	55	
255	252	249	247	244	242	235	234	2	56	
255	252	249	247	244	242	237	235	2	57	
255	252	249	246	244	241	238	236	2	58	
255	252	249	246	244	241	239	236	2	59	
255	252	249	246	244	241	239	237	2	60	
255	252	249	246	244	241	239	236	2	61	
255	252	249	247	244	242	239	236	2	62	
255	252	249	246	244	240	239	236	2	63	
251	252	249	244	243	239	239	236	2	64	
238	249	249	243	244	238	239	237	2	65	
255	243	248	240	244	235	238	237	2	67	
234	248	244	235	244	231	239	236	2	68	
220	239	244	226	242	225	239	235	2	69	
198	227	240	218	241	218	239	235	2	70	
182	211	232	208	239	208	238	233	2	71	
160	206	220	195	235	198	237	231	2	72	
170	192	212	185	230	188	236	228	2	73	
170	172	200	176	223	177	231	224	2	74	
125	171	184	164	214	167	227	209	2	75	
133	143	176	154	203	158	221	201	2	76	
145	138	170	147	192	150	212	192	2	77	
140	141	154	142	183	139	203	183	2	78	
70	138	145	127	171	129	194	173	2	79	
97	99	142	116	161	120	183	164	2	80	
113	101	138	109	153	110	174	154	2	82	
48	103	115	96	146	100	164	144	2	83	
60	72	107	85	134	91	155	135	2	84	
85	66	104	80	124	86	145	126	2	85	
141	77	85	83	115	86	135	116	2	86	
119	98	75	92	104	89	126	106	2	87	
68	120	76	99	93	91	116	98	2	88	
111	116	87	97	86	93	106	92	2	89	
87	90	109	99	84	94	97	90	2	90	
49	91	98	87	88	91	90	89	2	91	
78	69	101	82	93	87	87	89	2	92	
101	75	95	82	94	84	87	90	2	93	
89	88	80	82	96	82	88	89	2	94	
70	86	77	80	95	80	91	88	2	95	
65	77	83	76	90	78	92	85	2	96	
55	69	83	71	85	74	90	83	2	97	
44	61	79	64	83	64	87	82	2	98	
47	52	73	57	80	59	85	80	2	99	
50	48	66	53	77	53	82	77	2	101	
28	48	58	47	73	51	81	74	2	102	
70	37	52	48	67	50	78	69	2	103	
67	55	49	51	61	50	75	65	2	104	
86	61	49	54	56	53	71	60	2	105	
100	62	55	68	51	57	66	57	2	106	
79	76	58	73	49	62	61	54	2	107	
96	87	68	78	50	68	56	52	2	108	
97	82	77	83	51	73	51	51	2	109	
81	93	79	84	56	77	50	54	2	110	
92	86	85	86	62	80	51	58	2	111	
106	89	89	88	67	82	54	63	2	112	
84	97	87	88	73	85	58	67	2	113	
97	89	88	89	81	86	63	70	2	114	
92	93	92	89	83	85	68	74	2	116	
75	91	89	86	85	85	72	76	2	117	
90	82	91	86	86	85	76	78	2	118	
105	87	90	88	87	83	79	80	2	119	
84	95	85	83	87	82	81	82	2	120	
94	75	86	82	86	81	82	82	2	121	
74	82	90	82	86	80	84	82	2	122	
82	87	81	80	86	79	84	82	2	123	
94	79	81	80	83	79	84	81	2	124	
74	87	84	80	82	78	84	80	2	125	
112	81	80	84	81	79	83	79	2	126	
99	96	80	87	80	81	81	79	2	127	
88	97	83	88	80	83	80	78	2	128	
70	91	81	85	80	83	80	77	2	129	
77	79	89	83	79	83	79	77	2	130	
85	77	92	81	81	81	78	77	2	131	
111	82	91	85	84	84	78	78	2	132	
123	97	84	91	85	87	78	79	2	133	
106	110	80	95	83	90	79	80	2	134	
95	106	81	97	82	93	81	80	2	135	
112	100	89	100	83	94	82	79	2	136	
81	106	99	97	86	93	82	80	2	137	
85	91	101	93	90	91	81	81	2	138	
87	87	103	87	93	89	80	83	2	139	
89	87	96	87	96	87	82	86	2	140	
95	87	91	91	96	88	84	88	2	141	
113	91	88	96	94	90	86	89	2	142	
120	102	86	100	91	92	91	88	2	143	
108	111	89	104	88	96	91	87	2	144	
119	109	95	108	87	99	90	87	2	145	
125	115	103	109	89	104	89	87	2	146	
104	118	105	110	96	106	87	88	2	147	
117	110	110	111	99	108	87	89	2	148	
116	114	114	112	103	109	88	91	2	150	
120	114	111	113	105	111	90	94	2	151	
121	117	112	117	107	112	92	96	2	152	
138	118	112	118	108	113	95	99	2	153	
111	128	115	118	110	114	98	101	2	154	
122	124	116	118	111	115	101	103	2	155	
126	117	122	118	113	115	103	104	2	156	
122	119	122	119	115	116	105	106	2	157	
137	122	118	121	115	117	108	107	2	158	
135	129	118	123	116	120	109	110	2	159	
144	131	120	127	117	123	111	111	2	160	
149	138	120	131	117	123	112	112	2	161	
88	141	124	125	118	122	113	112	2	162	
114	111	127	121	120	119	114	114	2	163	
106	114	132	116	123	114	114	116	2	164	
101	109	136	110	126	104	115	117	2	165	
84	104	121	103	124	98	117	118	2	166	
95	91	117	98	122	91	119	117	2	167	
71	94	112	91	118	83	120	115	2	168	
56	79	106	82	113	74	120	112	2	169	
49	66	97	72	106	65	119	108	2	170	
38	56	95	62	101	57	115	104	2	171	
32	45	85	53	95	52	111	99	2	172	
53	38	64	47	87	49	106	93	2	173	
55	46	53	46	79	49	101	85	2	174	
48	50	44	53	69	52	94	77	2	175	
87	48	45	60	59	56	79	70	2	176	
86	71	47	65	53	61	70	57	2	177	
75	77	47	72	49	67	62	54	2	178	
97	76	60	81	47	81	56	52	2	179	
111	88	68	86	50	85	52	52	2	180	
98	99	72	94	60	89	50	54	2	181	
126	98	80	93	66	91	51	57	2	182	
62	111	90	95	73	94	53	62	2	184	
115	86	93	98	80	100	56	68	2	185	
112	102	103	102	87	109	62	73	2	186	
124	106	93	111	89	122	68	78	2	187	
186	115	102	126	92	139	75	82	2	188	
231	132	108	149	94	158	80	85	2	189	
238	162	121	172	98	175	84	89	2	190	
245	198	142	192	104	189	91	95	2	191	
245	218	172	207	116	200	95	115	2	192	
227	237	196	216	133	206	102	128	2	193	
213	231	214	219	153	208	113	142	2	194	
195	220	225	215	173	209	127	157	2	195	
211	207	228	213	190	211	143	170	2	196	
228	208	223	213	202	210	160	182	2	197	
248	218	214	217	210	209	175	190	2	199	
201	232	211	214	212	206	188	196	2	200	
196	212	214	210	212	201	197	200	2	201	
197	204	223	205	212	192	202	202	2	202	
125	199	215	194	213	180	205	203	2	203	
130	173	208	178	212	169	207	203	2	204	
149	147	202	163	210	159	208	202	2	205	
156	138	185	153	206	153	207	198	2	206	
163	143	150	149	199	147	206	191	2	207	
122	154	145	143	187	141	202	182	2	208	
114	136	146	135	173	136	195	173	2	209	
114	122	149	129	162	129	186	165	2	210	
115	119	141	122	154	122	175	158	2	211	
95	115	130	115	150	115	166	151	2	212	
94	103	123	107	145	108	158	145	2	213	
86	98	118	100	139	87	151	138	2	214	
49	90	109	88	133	73	145	131	2	215	
0	66	102	69	119	58	139	124	2	216	
0	32	94	51	112	44	132	118	2	218	
0	16	78	36	105	33	125	111	2	219	
0	7	52	24	95	24	119	102	2	220	
0	3	33	15	80	17	112	91	2	221	
0	1	11	9	64	12	104	79	2	222	
0	0	5	4	48	9	94	66	2	223	
0	0	3	3	35	15	82	54	2	224	
159	0	1	29	25	34	68	44	2	225	
255	0	1	74	17	64	42	35	2	226	
255	177	1	121	12	99	32	21	2	227	
255	217	54	162	8	134	24	19	2	228	
255	237	119	194	6	190	18	22	2	229	
254	246	170	215	19	208	13	35	2	230	
255	251	205	230	86	221	14	55	2	231	
255	252	227	238	126	230	25	80	2	233	
254	252	239	243	161	236	47	108	2	234	
255	252	246	245	189	239	76	134	2	235	
255	252	248	247	210	238	108	159	2	236	
201	252	249	247	223	231	139	179	2	237	
150	252	250	239	232	218	166	196	2	238	
115	222	250	221	238	199	188	209	2	239	
91	182	250	195	242	176	205	218	2	240	
77	145	233	167	243	152	218	224	2	241	
67	93	205	115	240	128	227	226	2	242	
38	77	172	92	228	104	233	222	2	243	
20	55	140	70	210	81	235	214	2	244	
0	35	114	50	186	61	231	201	2	245	
0	16	92	34	161	45	223	184	2	246	
0	7	71	23	136	33	208	165	2	247	
0	3	50	15	111	17	189	143	2	248	
0	1	32	9	88	12	168	121	2	249	
0	0	19	6	49	10	145	99	2	250	
15	0	10	6	35	9	121	80	2	251	
19	8	5	8	24	10	98	63	2	252	
9	14	3	8	17	11	76	49	2	253	
25	11	2	11	11	11	58	38	2	254	
5	19	5	12	9	12	44	29	2	255	
5	10	10	11	8	12	32	22	2	0	
11	9	15	11	8	12	24	17	2	1	
7	10	12	13	10	13	17	15	2	2	
26	10	11	16	11	14	13	13	2	3	
32	18	11	17	12	17	10	13	2	4	
10	25	10	21	12	19	11	12	2	5	
42	18	14	24	11	25	11	11	2	6	
31	31	19	29	12	27	11	12	2	7	
44	31	18	33	15	29	11	13	2	8	
49	39	25	31	18	31	11	14	2	9	
8	42	28	33	21	33	12	16	2	11	
48	25	34	36	25	36	14	18	2	12	
48	39	38	37	28	39	16	19	2	13	
35	42	31	40	29	44	18	21	2	14	
74	38	36	46	31	52	20	24	2	15	
89	48	39	55	33	60	23	26	2	16	
111	62	38	68	35	67	24	28	2	17	
98	77	44	77	38	71	27	31	2	18	
66	95	53	79	42	72	31	33	2	19	
73	79	65	79	49	70	34	40	2	20	
46	76	81	72	58	66	36	46	2	21	
60	58	87	67	67	62	40	53	2	22	
50	60	82	61	73	59	46	59	2	23	
44	53	79	56	75	57	54	63	2	24	
69	48	67	56	73	57	61	64	2	25	
67	60	63	57	70	58	66	64	2	26	
80	62	57	61	64	57	69	63	2	27	
66	72	51	62	59	54	69	61	2	28	
31	66	56	57	57	51	66	59	2	29	
39	48	59	52	56	46	63	58	2	30	
34	43	66	47	58	40	60	57	2	31	
0	37	65	38	59	33	58	56	2	32	
0	18	55	29	57	27	57	54	2	33	
9	9	42	18	54	23	57	53	2	34	
16	10	29	16	50	20	56	50	2	35	
17	13	19	17	43	19	54	46	2	36	
29	15	15	19	35	19	48	42	2	37	
31	22	14	18	29	20	43	31	2	38	
5	26	14	22	23	21	37	27	2	39	
38	15	18	24	19	25	31	24	2	40	
36	30	22	26	18	31	26	23	2	41	
31	31	18	33	18	39	23	21	2	42	
66	32	25	42	20	51	21	21	2	43	
69	51	27	54	22	65	20	20	2	45	
98	61	29	72	24	83	20	21	2	46	
132	81	41	92	29	104	20	24	2	47	
150	109	51	116	35	126	21	28	2	48	
216	132	90	141	45	149	23	35	2	49	
229	167	112	165	59	170	27	45	2	50	
255	191	141	188	76	190	33	57	2	51	
255	212	168	208	97	205	55	71	2	52	
255	234	191	222	120	217	70	108	2	53	
255	249	213	232	143	225	88	129	2	54	
255	251	229	239	167	232	109	149	2	55	
255	252	239	242	188	236	130	167	2	56	
255	252	244	244	205	239	152	183	2	57	
255	252	247	246	218	240	172	196	2	58	
255	252	249	247	228	241	190	207	2	60	
255	252	249	247	234	241	204	216	2	61	
255	252	249	247	238	241	215	223	2	62	
254	252	250	247	241	241	223	228	2	63	
255	252	250	246	243	241	229	231	2	64	
255	252	249	246	244	242	233	233	2	65	
255	252	249	246	244	242	236	234	2	66	
255	252	249	247	244	242	238	235	2	67	
255	252	249	247	244	241	238	236	2	68	
255	252	249	246	244	241	239	236	2	69	
255	252	249	246	244	241	239	237	2	70	
255	252	249	246	244	241	239	237	2	71	
255	252	249	246	244	242	239	236	2	72	
255	252	249	247	244	242	239	236	2	73	
255	252	249	247	244	241	239	236	2	74	
246	252	249	245	243	239	239	237	2	75	
246	246	249	243	244	236	239	237	2	76	
242	245	249	241	244	232	239	237	2	77	
212	241	246	235	244	228	239	236	2	79	
218	224	244	229	243	223	239	236	2	80	
223	221	241	225	242	216	239	235	2	81	
201	220	231	218	240	207	239	234	2	82	
162	209	222	209	236	197	238	232	2	83	
157	194	214	184	231	185	237	230	2	84	
116	175	202	167	227	170	235	226	2	85	
99	165	186	148	221	155	232	221	2	86	
103	136	174	133	213	141	224	215	2	87	
111	108	152	121	203	126	218	199	2	88	
79	108	131	109	192	115	211	189	2	89	
107	91	118	103	178	102	202	176	2	90	
103	99	111	99	161	99	192	163	2	91	
97	100	98	97	132	96	179	149	2	92	
107	98	98	98	118	95	165	136	2	94	
91	103	98	96	109	94	150	125	2	95	
107	95	97	97	103	93	136	116	2	96	
108	103	99	98	99	92	123	109	2	97	
79	103	96	95	98	90	114	103	2	98	
88	90	99	91	96	87	106	99	2	99	
70	85	100	88	96	84	101	96	2	100	
85	85	94	84	96	82	97	94	2	101	
92	76	88	82	94	82	95	92	2	102	
107	86	86	85	92	84	94	91	2	103	
117	97	80	91	89	87	92	89	2	104	
114	107	81	96	86	87	91	86	2	105	
39	109	83	88	83	85	90	84	2	106	
63	69	90	82	82	81	87	82	2	107	
66	68	98	75	83	74	85	82	2	108	
39	65	103	66	86	61	82	83	2	109	
37	50	83	57	91	58	81	84	2	110	
66	42	76	55	85	57	82	83	2	111	
75	56	69	56	79	55	85	82	2	112	
58	65	58	57	71	54	85	78	2	113	
50	62	49	56	63	52	85	74	2	114	
56	54	53	55	58	49	82	69	2	115	
42	56	58	51	57	46	77	65	2	116	
19	46	55	43	56	45	70	61	2	117	
45	32	55	46	55	46	65	58	2	118	
73	40	50	50	54	50	61	56	2	119	
65	57	40	61	52	57	58	53	2	120	
108	61	40	73	47	65	54	51	2	121	
114	87	49	81	45	71	52	47	2	122	
97	100	55	84	45	80	50	46	2	123	
77	96	72	85	47	80	47	47	2	124	
89	86	86	85	63	79	46	49	2	125	
82	88	90	82	72	78	46	53	2	126	
68	83	88	79	77	79	48	59	2	127	
81	75	88	79	81	80	53	64	2	128	
91	77	85	83	83	81	59	69	2	129	
104	84	79	85	82	83	65	72	2	130	
79	94	78	85	80	84	71	74	2	131	
100	91	80	87	79	85	75	75	2	132	
91	85	87	87	80	86	78	75	2	133	
101	93	88	89	82	89	78	76	2	134	
110	90	86	92	83	91	78	77	2	135	
106	102	90	95	85	94	78	79	2	136	
97	103	89	97	85	96	80	80	2	137	
126	100	93	101	87	98	81	81	2	138	
101	113	97	103	89	100	82	83	2	139	
113	106	99	104	92	102	83	85	2	140	
116	109	99	106	94	105	84	87	2	141	
125	112	107	109	97	108	86	90	2	142	
122	119	105	112	99	110	88	92	2	143	
133	119	107	116	101	111	91	93	2	144	
112	127	109	116	103	111	93	95	2	145	
98	117	114	114	105	111	95	98	2	146	
130	108	116	114	108	108	97	101	2	147	
113	120	121	113	112	106	99	103	2	148	
84	113	118	107	113	101	102	105	2	149	
102	97	116	94	113	94	105	106	2	150	
60	99	113	84	113	87	107	106	2	151	
56	76	104	78	112	79	109	106	2	152	
75	66	100	68	108	71	109	105	2	153	
44	70	86	61	105	67	108	99	2	154	
50	54	75	63	98	66	106	94	2	155	
91	53	72	69	90	73	102	88	2	156	
103	74	61	78	83	78	97	81	2	157	
108	88	56	82	67	84	90	75	2	158	
86	97	65	90	64	91	83	71	2	159	
119	91	77	98	66	96	75	70	2	160	
126	108	87	104	72	100	70	70	2	162	
121	116	89	107	77	104	67	71	2	163	
108	118	99	108	84	107	68	74	2	164	
127	112	112	111	90	109	70	79	2	165	
122	111	111	113	97	110	74	84	2	166	
121	119	111	115	101	112	79	89	2	167	
115	120	115	115	104	113	90	93	2	168	
140	120	117	118	108	115	95	100	2	169	
112	129	117	118	110	115	100	102	2	170	
126	119	116	119	112	114	103	105	2	171	
118	122	122	118	112	113	105	107	2	172	
107	118	119	115	115	111	107	109	2	173	
115	112	120	114	115	110	109	110	2	174	
112	113	119	112	117	110	111	111	2	175	
114	112	114	111	117	110	112	110	2	177	
125	112	113	112	115	111	113	110	2	178	
121	119	112	114	113	111	113	109	2	179	
100	119	111	116	112	109	112	108	2	180	
92	124	115	114	110	103	111	108	2	181	
44	111	116	108	111	93	109	108	2	182	
30	99	120	95	112	81	109	108	2	183	
0	68	105	79	113	66	109	107	2	184	
0	23	84	43	113	53	110	105	2	185	
29	11	64	34	109	42	109	100	2	186	
21	21	42	27	100	34	108	93	2	187	
22	18	26	23	88	31	104	84	2	188	
76	21	23	30	72	33	97	73	2	189	
81	51	20	40	56	39	87	61	2	190	
93	67	20	53	44	61	75	51	2	191	
105	81	36	67	34	76	62	43	2	192	
146	96	52	85	29	92	50	39	2	193	
158	123	67	104	35	108	40	38	2	194	
168	141	82	121	44	124	35	40	2	195	
175	156	104	137	56	138	33	46	2	196	
185	166	123	151	71	149	36	55	2	197	
159	176	154	163	88	158	43	66	2	198	
200	184	165	173	105	165	52	79	2	199	
208	170	175	179	121	171	65	94	2	200	
192	187	171	183	136	175	79	108	2	201	
180	196	180	184	150	179	111	121	2	202	
197	186	187	186	158	183	126	143	2	203	
224	192	190	192	165	186	138	152	2	204	
211	208	187	195	172	187	148	159	2	205	
166	207	189	192	177	186	157	165	2	206	
204	185	198	192	182	183	164	170	2	207	
185	195	201	189	187	179	170	175	2	208	
147	187	191	180	190	175	174	178	2	209	
167	165	193	174	190	170	178	180	2	211	
169	166	188	170	190	167	182	181	2	212	
187	166	174	166	188	165	183	181	2	213	
169	163	170	167	183	162	184	179	2	214	
144	176	167	166	178	159	184	177	2	215	
149	169	164	161	173	156	183	174	2	216	
138	154	170	157	169	150	180	170	2	217	
112	143	167	142	167	142	176	167	2	218	
117	125	159	134	165	137	172	164	2	219	
147	121	155	131	162	133	168	162	2	220	
146	134	147	131	159	131	165	159	2	221	
138	139	134	132	154	130	163	155	2	222	
135	138	126	132	147	129	160	149	2	223	
128	136	130	131	139	122	157	144	2	224	
117	130	133	127	134	110	152	139	2	225	
68	122	135	115	131	93	146	135	2	226	
0	90	134	91	131	76	140	132	2	227	
0	43	131	67	130	58	135	130	2	228	
0	21	125	47	128	43	132	128	2	229	
0	10	105	32	119	31	130	124	2	230	
0	4	70	20	103	22	129	118	2	231	
0	1	26	7	83	15	127	109	2	232	
0	0	15	4	64	10	123	97	2	233	
0	0	8	2	46	13	114	84	2	234	
0	0	4	21	33	30	102	70	2	235	
112	0	1	65	22	58	70	56	2	236	
255	68	0	112	15	92	55	33	2	237	
255	166	0	155	9	158	41	26	2	238	
255	211	38	188	6	184	30	22	2	239	
255	234	107	211	42	205	22	24	2	240	
255	245	162	227	79	219	15	33	2	241	
255	250	199	237	118	229	15	51	2	242	
255	252	223	243	154	235	23	75	2	243	
255	253	237	245	183	238	43	101	2	245	
255	253	245	246	205	239	70	129	2	246	
255	252	248	247	221	235	101	154	2	247	
230	252	250	243	232	225	132	176	2	248	
188	252	250	232	238	210	160	193	2	249	
116	238	250	208	241	189	184	206	2	250	
111	209	249	182	243	165	216	216	2	251	
94	133	242	156	241	139	225	226	2	252	
70	109	223	129	235	114	231	226	2	253	
27	85	187	101	220	91	234	220	2	254	
33	53	158	78	199	70	234	209	2	255	
8	41	130	57	175	52	228	194	2	0	
0	23	105	40	150	37	217	174	2	1	
0	11	75	27	122	27	200	153	2	2	
0	5	56	17	97	19	180	131	2	3	
4	2	37	11	75	16	156	109	2	4	
8	3	23	8	56	15	132	88	2	5	
37	6	13	11	40	15	108	70	2	6	
25	22	7	14	28	17	86	54	2	7	
23	22	5	17	19	18	66	41	2	8	
37	23	5	21	14	20	49	32	2	9	
27	32	18	25	13	22	36	26	2	10	
28	28	20	26	13	24	27	22	2	11	
30	29	26	27	15	26	21	20	2	12	
29	29	26	28	18	27	17	18	2	13	
31	28	27	31	20	30	16	19	2	14	
45	30	28	35	22	32	16	20	2	15	
50	38	28	39	24	43	17	22	2	16	
54	44	29	49	25	48	18	23	2	17	
91	49	34	55	29	52	20	25	2	18	
70	72	39	56	32	54	22	27	2	19	
42	69	44	60	35	54	24	30	2	20	
75	55	59	59	42	52	26	34	2	21	
51	67	63	53	48	49	27	38	2	23	
30	56	59	50	52	44	30	43	2	24	
37	42	59	45	56	41	34	46	2	25	
8	45	49	38	57	38	39	48	2	26	
42	39	47	36	54	38	44	49	2	27	
39	23	42	35	51	38	48	48	2	28	
62	34	32	39	47	42	52	45	2	29	
60	50	33	43	42	48	51	42	2	30	
86	55	35	52	39	55	49	40	2	31	
97	73	43	62	37	62	46	39	2	32	
85	85	48	69	37	65	43	39	2	33	
82	84	61	74	40	65	40	41	2	34	
45	82	73	71	46	63	38	45	2	35	
47	61	78	66	54	60	38	50	2	36	
53	54	80	61	61	58	40	55	2	38	
56	53	69	57	68	57	44	58	2	39	
64	54	61	57	69	55	50	59	2	40	
27	61	56	57	67	53	56	59	2	41	
69	60	54	53	63	51	61	58	2	42	
41	44	58	53	59	46	63	58	2	43	
0	57	50	50	58	40	62	56	2	44	
0	22	54	32	57	34	60	55	2	45	
0	11	48	23	54	28	59	52	2	46	
3	5	34	17	53	22	57	49	2	47	
0	4	22	12	50	17	56	46	2	48	
0	2	14	8	44	14	54	42	2	49	
28	0	9	9	37	12	51	37	2	50	
20	14	5	10	30	14	48	32	2	51	
27	16	3	13	23	19	43	27	2	52	
37	22	9	18	13	25	38	23	2	53	
69	30	12	28	11	34	32	19	2	54	
66	51	17	38	10	45	27	16	2	55	
95	58	24	51	12	56	22	16	2	57	
112	79	39	66	15	67	17	16	2	58	
114	95	65	76	22	78	14	19	2	59	
137	93	81	98	30	92	13	23	2	60	
179	105	87	116	41	108	14	29	2	61	
203	123	96	137	54	127	16	37	2	62	
250	154	111	163	65	148	21	46	2	63	
255	217	134	187	75	169	37	68	2	64	
255	236	159	207	87	188	47	81	2	65	
255	245	190	222	102	217	57	95	2	66	
255	249	213	232	120	226	69	112	2	67	
255	251	229	239	165	232	82	130	2	68	
255	252	239	243	186	236	96	149	2	69	
255	252	245	245	204	238	113	167	2	70	
254	252	248	246	218	240	132	183	2	72	
254	252	249	246	228	241	152	196	2	73	
254	252	249	247	235	242	171	207	2	74	
255	252	249	247	239	242	189	216	2	75	
255	252	249	247	241	241	203	222	2	76	
255	252	249	247	243	241	215	227	2	77	
255	252	249	246	244	241	223	231	2	78	
255	252	249	246	244	241	229	233	2	79	
255	252	249	246	244	242	233	235	2	80	
255	252	249	247	244	242	236	235	2	81	
255	252	249	247	244	241	238	236	2	82	
255	252	249	246	244	241	239	236	2	83	
255	252	249	246	244	241	239	236	2	84	
255	252	249	246	244	242	239	237	2	85	
255	252	249	246	244	242	239	237	2	86	
255	252	249	247	244	242	239	236	2	87	
255	252	249	247	244	241	239	236	2	88	
255	252	249	247	244	239	239	236	2	89	
248	252	249	245	244	235	239	236	2	90	
232	248	249	242	244	229	239	237	2	91	
196	238	249	232	244	222	239	237	2	92	
194	214	247	212	244	214	239	237	2	93	
195	203	241	203	243	205	239	236	2	94	
188	198	225	195	241	198	239	236	2	95	
182	190	213	191	235	191	239	234	2	96	
198	186	204	186	227	186	239	231	2	97	
176	190	196	181	219	179	237	222	2	98	
178	181	189	171	209	161	235	215	2	99	
136	178	189	161	201	148	231	208	2	100	
128	153	183	146	188	135	225	201	2	101	
108	141	179	131	184	121	218	194	2	102	
93	121	164	116	176	108	210	188	2	103	
86	105	151	102	167	97	202	181	2	104	
73	93	134	90	155	89	195	173	2	106	
69	81	117	84	141	83	189	163	2	107	
79	74	103	80	127	80	182	152	2	108	
83	78	90	78	113	78	175	141	2	109	
94	78	80	79	100	77	166	129	2	110	
86	80	78	80	91	76	155	117	2	111	
68	87	77	78	84	75	142	107	2	112	
77	75	78	77	80	74	117	89	2	113	
67	76	82	75	79	73	105	84	2	114	
75	71	83	73	78	73	95	80	2	115	
91	73	78	75	77	75	87	78	2	116	
92	82	77	78	77	77	82	76	2	117	
93	87	73	80	75	78	79	74	2	118	
85	89	73	82	74	77	77	73	2	119	
73	86	77	81	74	74	76	72	2	120	
68	78	82	78	75	70	75	72	2	121	
47	73	85	71	77	65	73	73	2	122	
54	58	85	65	79	60	72	74	2	123	
44	56	81	58	79	55	72	74	2	124	
46	48	76	53	78	52	73	74	2	125	
54	47	65	50	74	50	74	72	2	126	
39	49	53	51	68	50	76	68	2	127	
75	44	49	54	62	51	76	65	2	128	
68	61	49	56	57	54	74	61	2	129	
65	63	46	62	53	58	71	58	2	130	
87	64	54	68	50	63	67	52	2	131	
87	77	58	72	50	66	62	51	2	132	
77	81	61	73	51	69	58	51	2	133	
70	79	69	71	53	70	54	53	2	134	
64	74	75	74	62	68	52	55	2	135	
92	67	76	74	67	68	50	59	2	136	
79	83	75	68	69	67	50	61	2	137	
36	76	70	67	70	66	52	63	2	138	
81	56	77	66	71	68	55	64	2	140	
65	70	75	67	72	71	59	65	2	141	
101	66	67	73	69	75	62	66	2	142	
110	72	66	80	68	79	65	66	2	143	
98	87	69	85	66	82	67	65	2	144	
85	99	79	87	67	83	68	65	2	145	
94	97	89	88	69	81	67	68	2	146	
66	92	92	85	74	77	66	71	2	147	
54	77	90	78	79	74	66	74	2	148	
66	64	91	73	83	73	66	76	2	149	
86	65	83	72	85	74	68	77	2	150	
100	76	72	75	85	76	71	77	2	151	
87	88	68	78	81	79	75	75	2	152	
90	86	72	81	76	81	78	74	2	153	
105	89	80	86	73	83	80	73	2	155	
84	97	82	87	74	83	80	73	2	156	
68	89	85	89	75	81	78	74	2	157	
60	97	91	85	78	80	75	76	2	158	
93	78	89	80	82	79	74	77	2	159	
78	71	93	80	84	77	73	78	2	160	
69	82	76	78	86	76	74	78	2	161	
98	72	79	78	85	79	76	78	2	162	
139	87	78	88	82	85	78	78	2	163	
145	114	74	100	80	94	80	77	2	164	
149	130	81	113	79	104	81	76	2	165	
139	139	98	122	77	113	80	76	2	166	
148	140	114	130	77	121	80	78	2	167	
151	143	127	136	82	129	79	82	2	168	
134	147	133	137	91	131	77	88	2	169	
133	139	138	136	112	131	76	96	2	170	
138	135	143	135	121	129	77	103	2	171	
126	136	140	132	128	125	81	110	2	172	
112	129	137	127	132	121	87	116	2	173	
98	119	136	120	133	115	96	120	2	174	
105	107	124	115	134	110	105	123	2	175	
92	110	114	104	132	105	113	125	2	176	
97	105	112	100	129	101	120	125	2	177	
99	97	107	97	123	96	124	123	2	178	
74	97	100	92	119	92	127	119	2	179	
70	83	98	86	113	88	129	110	2	180	
95	77	96	84	107	85	126	106	2	181	
105	86	88	86	103	86	122	102	2	182	
99	95	82	88	99	91	117	98	2	183	
114	96	83	93	89	97	112	93	2	184	
132	106	89	101	86	104	107	89	2	185	
151	120	91	112	85	111	103	86	2	186	
136	136	99	119	86	116	99	85	2	187	
141	135	110	125	89	119	94	86	2	189	
119	137	123	127	95	119	90	89	2	190	
105	130	129	125	103	119	86	93	2	191	
121	123	133	121	111	117	85	98	2	192	
107	112	130	119	118	115	85	103	2	193	
123	117	125	115	122	113	87	107	2	194	
125	117	118	114	123	113	92	111	2	195	
124	120	117	115	121	111	98	113	2	196	
101	122	113	115	119	109	105	114	2	197	
89	109	114	113	117	104	110	114	2	198	
67	98	117	107	115	96	114	112	2	199	
45	79	118	98	114	85	116	111	2	200	
6	60	112	85	114	61	117	110	2	201	
35	30	104	66	112	53	116	109	2	202	
46	35	90	54	102	49	115	107	2	203	
44	39	73	46	92	53	113	103	2	204	
76	41	49	42	78	62	112	96	2	205	
142	62	42	47	64	75	111	87	2	206	
151	105	39	64	54	92	109	77	2	207	
151	128	39	84	47	110	106	68	2	208	
195	140	80	102	47	124	100	61	2	209	
176	171	105	141	56	134	90	57	2	210	
138	171	123	147	70	142	79	58	2	211	
149	153	149	151	86	148	68	62	2	212	
174	152	160	155	106	154	59	71	2	213	
172	164	155	159	124	159	53	95	2	214	
191	168	154	164	135	170	57	108	2	215	
194	179	159	170	143	176	67	119	2	216	
196	186	163	176	154	181	80	128	2	217	
198	190	171	181	159	186	96	136	2	218	
213	194	178	188	164	191	110	143	2	219	
208	203	184	193	170	195	123	149	2	220	
217	205	188	198	175	198	133	156	2	221	
229	211	196	204	181	199	141	162	2	223	
208	219	200	206	187	198	147	168	2	224	
196	213	205	206	192	195	153	173	2	225	
165	209	211	204	197	191	159	177	2	226	
198	201	211	197	200	187	164	182	2	227	
187	181	209	193	202	180	170	186	2	228	
180	187	204	189	202	173	175	192	2	229	
115	181	191	184	198	164	185	192	2	230	
157	145	190	171	195	153	190	190	2	231	
131	153	187	164	191	139	193	188	2	232	
76	137	182	153	186	125	196	184	2	233	
79	104	161	136	177	115	196	179	2	234	
91	90	157	119	169	107	194	173	2	235	
114	90	145	107	160	103	192	166	2	236	
120	103	121	102	146	101	188	156	2	238	
106	110	104	101	131	97	182	144	2	239	
99	107	95	102	117	88	176	133	2	240	
65	102	98	101	108	76	169	123	2	241	
3	80	103	94	104	62	159	115	2	242	
0	39	104	76	102	49	147	109	2	243	
0	19	89	57	100	37	134	104	2	244	
0	9	61	27	96	27	122	97	2	245	
0	4	39	18	84	20	113	89	2	246	
0	1	23	12	69	14	107	79	2	247	
0	0	13	7	53	9	103	57	2	248	
0	0	7	4	39	7	99	47	2	249	
0	0	4	2	28	42	92	38	2	250	
0	0	2	2	20	75	82	29	2	251	
247	0	1	41	9	111	70	23	2	252	
255	138	0	90	6	145	57	17	2	253	
255	196	1	137	4	173	46	17	2	254	
255	227	77	174	25	196	35	24	2	255	
255	242	139	202	60	213	27	40	2	1	
255	248	185	221	100	225	20	62	2	2	
255	251	232	233	139	233	14	88	2	3	
255	252	242	240	171	237	10	116	2	4	
254	253	247	244	197	235	15	142	2	5	
255	252	249	246	215	227	30	166	2	6	
168	252	250	247	227	210	55	201	2	7	
144	203	250	233	236	184	86	213	2	8	
67	171	250	213	240	154	148	219	2	9	
26	112	223	180	243	121	174	221	2	10	
7	65	195	141	236	92	195	217	2	11	
0	35	149	103	223	68	211	206	2	12	
33	16	103	70	199	50	222	189	2	13	
28	24	66	50	167	37	229	166	2	14	
0	24	39	37	132	28	231	140	2	16	
16	11	30	26	98	21	227	114	2	17	
0	14	25	21	72	16	217	91	2	18	
0	6	17	16	53	12	198	71	2	19	
0	3	15	12	38	9	172	55	2	20	
0	1	10	8	29	7	143	43	2	21	
0	0	4	5	22	6	114	33	2	22	
3	0	2	4	16	7	87	26	2	23	
30	3	1	3	12	7	66	20	2	24	
0	16	1	7	9	8	49	15	2	25	
22	7	2	7	6	11	37	12	2	26	
48	17	10	11	5	13	28	11	2	27	
16	33	8	16	4	15	21	9	2	28	
12	23	14	19	6	21	16	9	2	29	
34	19	23	19	7	23	12	9	2	30	
35	28	22	22	13	27	9	10	2	31	
44	31	21	25	15	32	8	12	2	32	
63	38	25	29	17	38	7	14	2	33	
70	51	28	35	20	44	7	16	2	34	
64	61	33	43	23	51	8	18	2	35	
84	62	52	49	26	56	9	20	2	36	
70	68	57	56	31	60	11	24	2	37	
72	76	63	66	37	64	13	28	2	38	
83	72	70	68	43	65	16	33	2	39	
60	72	70	71	49	66	19	39	2	40	
66	66	71	69	56	66	21	49	2	41	
73	66	75	68	61	65	24	53	2	42	
45	70	69	68	64	59	33	56	2	43	
52	55	67	63	67	55	39	59	2	44	
50	54	68	60	67	52	45	61	2	45	
33	49	60	55	67	51	51	62	2	46	
75	43	57	50	64	49	56	62	2	47	
54	59	52	51	62	49	59	60	2	48	
35	54	46	51	57	51	62	57	2	50	
99	44	53	49	53	53	63	55	2	51	
52	56	52	50	52	55	65	53	2	52	
75	77	47	57	51	57	64	51	2	53	
66	62	52	59	49	59	63	50	2	54	
55	70	65	62	50	60	60	50	2	55	
71	60	62	63	53	59	56	50	2	56	
47	66	66	63	55	59	54	51	2	57	
60	53	65	60	58	58	52	52	2	58	
71	59	62	59	60	57	50	54	2	59	
63	64	64	59	61	57	49	56	2	60	
54	63	58	59	62	55	50	56	2	61	
41	57	58	58	60	53	51	56	2	62	
46	48	60	55	59	51	53	56	2	63	
73	48	61	52	58	48	55	56	2	64	
39	62	58	54	57	47	56	55	2	65	
26	46	52	51	55	45	58	55	2	66	
64	37	50	46	53	44	58	54	2	67	
39	51	56	46	53	43	58	53	2	68	
32	43	49	44	51	45	57	52	2	69	
56	38	47	42	48	50	57	50	2	70	
88	49	44	51	46	60	56	48	2	71	
108	70	40	62	45	75	55	47	2	72	
146	90	45	81	43	93	54	45	2	73	
179	121	58	103	43	115	53	44	2	74	
190	152	75	127	47	138	51	45	2	75	
230	172	99	153	54	180	49	49	2	76	
252	204	127	178	68	198	46	56	2	77	
255	228	151	200	107	211	44	68	2	78	
255	241	180	216	131	222	43	83	2	79	
255	247	205	228	156	230	44	100	2	80	
255	250	223	236	178	235	47	119	2	81	
255	251	235	241	197	238	54	139	2	82	
255	252	242	244	212	239	65	158	2	84	
255	252	246	246	224	240	80	175	2	85	
255	252	248	246	232	241	99	190	2	86	
255	252	249	246	237	241	120	203	2	87	
255	252	250	246	241	242	142	213	2	88	
255	252	249	246	242	242	163	220	2	89	
255	252	249	247	243	241	181	229	2	90	
254	252	249	247	243	241	197	232	2	91	
255	252	249	247	244	241	220	234	2	92	
255	252	249	246	244	241	227	235	2	93	
255	252	249	246	244	242	232	236	2	94	
255	252	249	246	244	242	235	236	2	95	
255	252	249	246	244	241	236	236	2	96	
255	252	249	247	244	241	238	236	2	97	
255	252	249	247	244	240	239	236	2	98	
255	252	249	247	244	240	239	237	2	99	
241	252	249	246	244	238	239	237	2	100	
