120	127	118	254	125	0	0	127	2	86	
120	127	125	254	124	0	0	127	2	87	
120	127	125	254	125	0	0	128	2	88	
121	126	120	254	124	0	0	127	2	89	
120	126	125	254	125	25	0	127	2	90	
120	127	118	254	124	91	0	127	2	92	
120	127	114	254	125	152	0	127	2	93	
119	127	114	254	124	211	0	127	2	94	
121	127	113	254	125	254	0	127	2	95	
120	127	112	254	124	254	0	127	2	96	
121	127	118	254	125	254	0	127	2	97	
120	126	114	254	124	254	0	127	2	98	
120	127	108	254	125	255	5	127	2	99	
120	127	116	254	125	254	10	127	2	100	
120	127	113	254	124	254	17	127	2	101	
120	127	113	254	125	254	22	127	2	102	
119	127	115	254	125	254	28	128	2	103	
119	127	114	254	124	255	33	127	2	104	
119	127	116	254	125	255	40	127	2	105	
119	127	110	254	125	254	45	127	2	106	
119	127	110	254	125	254	50	126	2	107	
119	127	98	254	124	254	54	127	2	108	
120	127	96	254	125	254	59	127	2	109	
120	127	92	254	125	254	64	127	2	110	
120	127	91	254	124	254	69	127	2	111	
120	126	103	254	125	254	73	127	2	112	
120	127	103	254	124	254	81	127	2	113	
120	127	112	254	125	254	85	127	2	114	
120	127	113	254	124	255	88	127	2	115	
121	127	110	254	125	254	91	127	2	116	
120	127	112	254	125	254	96	127	2	117	
120	127	109	254	125	254	98	127	2	118	
120	128	110	254	124	254	101	127	2	119	
121	127	105	254	125	254	104	127	2	120	
120	127	93	254	125	254	107	127	2	121	
121	128	97	254	125	254	109	127	2	122	
120	127	96	254	125	254	112	127	2	123	
120	128	82	254	125	254	114	127	2	124	
121	127	87	254	126	254	116	126	2	126	
120	127	91	254	125	254	119	127	2	127	
119	127	91	254	126	254	123	126	2	128	
120	128	90	254	125	254	124	127	2	129	
120	128	101	254	125	254	127	127	2	130	
121	127	104	254	125	254	128	127	2	131	
120	127	106	254	125	254	130	127	2	132	
120	127	110	254	125	254	131	127	2	133	
120	127	110	254	124	254	133	127	2	134	
121	128	115	254	124	254	133	127	2	135	
121	127	123	254	125	254	135	127	2	136	
120	128	119	254	125	254	136	127	2	137	
121	127	118	254	124	254	138	127	2	138	
120	128	123	254	124	254	139	127	2	139	
121	127	126	254	126	254	140	127	2	141	
120	127	126	254	124	254	140	127	2	142	
120	127	121	254	125	255	141	127	2	143	
120	127	127	254	124	254	142	127	2	144	
120	128	127	254	125	255	142	127	2	145	
120	127	126	254	124	254	143	127	2	146	
120	126	129	254	125	254	142	127	2	147	
120	127	123	254	124	254	144	127	2	148	
120	127	122	254	124	254	144	127	2	149	
121	127	110	254	124	254	144	127	2	150	
120	128	115	253	124	254	144	127	2	151	
120	127	111	245	124	254	145	127	2	152	
121	128	110	239	124	254	145	127	2	153	
120	127	113	232	125	254	146	127	2	154	
121	127	119	225	125	254	146	127	2	155	
121	127	117	219	125	254	146	127	2	156	
120	127	119	213	124	254	145	127	2	157	
120	127	130	207	125	254	146	127	2	158	
121	127	126	201	125	254	146	127	2	160	
121	127	126	195	125	254	146	127	2	161	
120	127	130	190	124	254	146	127	2	162	
121	127	129	185	125	254	146	127	2	163	
120	127	125	180	124	254	146	127	2	164	
120	127	131	175	124	254	145	127	2	165	
120	127	126	166	125	254	145	127	2	166	
120	127	126	163	125	254	145	127	2	167	
120	127	127	158	124	254	145	127	2	168	
121	128	132	155	125	254	145	127	2	169	
120	127	134	150	125	254	145	127	2	170	
120	127	132	147	124	254	144	127	2	171	
120	127	142	144	125	254	144	127	2	172	
121	128	145	141	124	254	144	127	2	173	
120	127	142	139	125	254	144	127	2	175	
121	127	141	135	125	254	143	126	2	176	
119	127	136	133	124	254	142	126	2	177	
121	127	138	130	125	254	143	127	2	178	
120	127	138	128	123	254	142	126	2	179	
120	127	134	125	125	254	141	126	2	180	
121	127	138	124	124	254	141	126	2	181	
120	127	136	121	125	254	141	127	2	182	
121	127	134	120	124	254	141	126	2	183	
120	127	135	118	124	251	140	126	2	184	
121	127	130	115	124	243	139	126	2	185	
120	127	136	114	125	236	140	127	2	186	
121	127	141	112	124	228	139	127	2	187	
121	127	138	111	125	222	137	127	2	188	
120	127	141	109	124	215	0	126	2	189	
121	127	145	109	125	208	0	126	2	190	
120	127	145	108	124	203	0	127	2	191	
121	127	140	107	125	195	0	127	2	192	
120	127	142	106	125	191	0	127	2	193	
121	127	142	105	124	179	0	126	2	194	
120	127	133	105	124	174	0	126	2	195	
120	127	131	104	124	170	0	127	2	196	
120	127	131	104	124	165	0	126	2	197	
120	127	119	103	125	160	0	127	2	198	
120	127	123	103	124	157	0	126	2	199	
120	127	123	102	125	154	0	126	2	200	
120	127	119	102	124	149	0	126	2	201	
120	127	116	102	125	146	0	126	2	202	
120	128	121	101	125	142	0	126	2	203	
120	127	125	102	124	139	0	126	2	204	
120	128	120	102	124	136	0	127	2	205	
120	127	125	102	124	133	0	126	2	206	
120	127	113	102	124	131	0	126	2	207	
120	127	121	102	125	126	0	126	2	209	
120	128	118	102	124	122	0	126	2	210	
120	127	113	102	124	121	0	127	2	211	
120	127	117	102	124	118	0	126	2	212	
121	127	126	103	125	116	0	126	2	213	
121	127	126	103	124	114	0	126	2	214	
120	127	136	103	125	113	0	126	2	215	
121	127	142	103	125	111	0	127	2	216	
121	127	145	104	125	110	0	127	2	217	
120	127	146	103	125	108	43	127	2	218	
121	127	148	104	125	107	98	126	2	219	
121	127	137	104	125	107	153	127	2	220	
121	127	136	104	125	106	200	127	2	221	
120	127	131	105	125	104	248	126	2	222	
120	127	127	104	125	104	254	127	2	223	
120	127	125	106	124	103	254	125	2	224	
119	127	128	106	124	103	254	126	2	225	
121	127	128	106	125	103	254	127	2	226	
120	127	128	107	125	102	254	126	2	227	
120	127	128	107	125	100	254	127	2	228	
119	126	124	108	124	101	254	126	2	229	
120	127	117	108	125	100	254	127	2	230	
120	127	121	108	124	100	254	127	2	231	
121	127	120	108	125	99	254	127	2	232	
121	127	118	110	125	100	254	127	2	233	
120	127	119	110	125	100	254	127	2	234	
120	127	122	110	124	100	254	127	2	235	
120	127	122	111	124	100	254	127	2	236	
121	127	119	110	124	100	254	126	2	237	
120	128	124	112	124	100	254	127	2	238	
120	127	120	111	124	100	254	127	2	239	
120	127	115	111	124	101	254	127	2	240	
121	127	118	112	125	101	254	127	2	241	
121	127	116	112	124	101	254	127	2	243	
120	127	117	112	124	101	254	127	2	244	
119	127	125	113	125	102	254	126	2	245	
120	127	129	113	124	101	254	127	2	246	
121	127	136	114	125	102	254	127	2	247	
120	127	135	114	124	103	254	127	2	248	
120	126	134	115	125	103	254	127	2	249	
120	127	137	115	124	104	254	127	2	250	
120	127	133	115	124	104	254	127	2	251	
120	127	130	116	124	104	254	127	2	252	
120	127	130	115	124	104	254	127	2	253	
120	127	122	116	124	105	254	126	2	254	
120	127	119	117	124	105	254	127	2	255	
120	127	117	117	125	106	254	126	2	0	
120	127	106	117	124	107	254	127	2	2	
120	127	110	118	125	106	254	127	2	3	
120	127	117	118	124	108	254	126	2	4	
121	127	114	118	125	108	254	126	2	5	
120	127	118	118	125	108	254	127	2	6	
119	127	122	118	125	108	254	126	2	7	
120	127	125	119	125	109	254	127	2	8	
120	127	128	119	124	109	254	126	2	9	
120	127	129	119	125	109	254	126	2	10	
120	127	129	119	124	111	254	126	2	11	
120	128	136	120	124	111	254	126	2	12	
120	127	130	120	125	110	254	127	2	13	
121	127	130	120	124	112	254	126	2	14	
120	127	128	120	125	111	254	126	2	15	
121	127	126	120	125	112	254	126	2	16	
120	127	117	121	125	113	254	127	2	17	
120	127	118	121	124	113	254	126	2	18	
121	127	110	121	125	114	254	127	2	19	
120	127	110	121	125	115	254	125	2	21	
121	127	112	121	125	114	254	126	2	22	
119	127	119	122	124	115	254	126	2	23	
121	127	119	122	125	115	254	126	2	24	
121	127	125	122	124	115	254	125	2	25	
120	127	118	122	125	116	254	126	2	26	
121	127	120	122	124	116	254	126	2	27	
120	128	118	123	125	117	254	126	2	28	
121	127	123	123	125	117	254	126	2	29	
121	127	126	123	124	116	254	126	2	30	
120	127	129	122	124	117	254	126	2	31	
121	127	134	123	125	117	254	126	2	32	
119	128	126	123	124	118	254	125	2	33	
120	127	134	123	125	118	254	126	2	34	
119	127	128	124	124	118	254	126	2	36	
119	127	127	123	125	117	254	126	2	37	
120	127	130	123	124	118	254	126	2	38	
119	127	125	123	125	119	254	127	2	39	
120	127	130	123	125	119	254	126	2	40	
121	127	127	123	125	119	254	126	2	41	
120	127	125	123	125	119	254	126	2	42	
120	126	129	123	124	120	254	126	2	43	
120	127	131	123	125	119	254	126	2	44	
121	127	134	123	124	119	254	127	2	45	
120	127	134	122	125	120	254	127	2	46	
121	127	131	123	124	121	254	126	2	47	
120	127	140	123	125	122	254	126	2	48	
120	127	132	124	124	121	254	127	2	49	
120	127	131	123	124	121	254	126	2	50	
121	127	127	123	125	121	254	126	2	51	
120	127	128	124	124	122	254	126	2	52	
120	127	126	124	125	121	254	126	2	53	
120	127	134	124	125	122	254	126	2	54	
120	127	135	124	125	122	254	125	2	55	
119	127	137	123	125	122	254	126	2	56	
120	127	139	124	125	123	254	126	2	57	
120	127	133	124	125	122	254	126	2	58	
120	128	131	124	125	122	254	126	2	59	
120	128	131	124	125	122	254	126	2	60	
120	127	134	124	125	123	254	125	2	61	
121	127	127	124	125	122	0	126	2	62	
121	128	128	125	124	123	0	126	2	63	
120	128	121	124	125	123	0	126	2	64	
120	128	117	126	125	123	0	126	2	65	
120	128	120	126	124	123	0	126	2	66	
121	127	107	125	124	123	0	126	2	67	
121	128	117	125	125	123	0	126	2	68	
120	128	120	125	125	124	0	126	2	70	
120	128	122	124	124	123	0	126	2	71	
120	127	121	124	125	124	0	126	2	72	
121	127	121	124	124	123	0	126	2	73	
120	128	124	123	124	124	0	126	2	74	
121	127	123	123	124	123	0	126	2	75	
121	127	125	123	124	124	0	126	2	76	
120	127	119	123	124	123	0	126	2	77	
121	128	128	123	124	124	0	126	2	78	
121	127	124	123	125	123	0	126	2	79	
120	127	124	122	124	124	0	126	2	80	
120	127	126	122	124	124	0	126	2	81	
121	127	115	122	124	124	0	126	2	82	
120	127	122	122	124	123	0	126	2	83	
120	127	118	123	124	123	0	127	2	84	
121	127	123	123	125	123	0	125	2	85	
120	127	124	123	124	123	0	126	2	86	
120	127	127	123	124	124	0	126	2	87	
120	127	133	123	125	123	0	126	2	88	
121	127	140	123	125	123	0	127	2	89	
119	127	137	123	124	124	0	126	2	90	
120	127	142	123	124	123	0	126	2	91	
120	127	134	123	124	123	0	126	2	92	
120	127	131	123	124	123	0	126	2	93	
120	127	131	123	125	123	0	126	2	94	
120	127	132	123	124	123	0	126	2	95	
120	127	134	123	125	123	254	126	2	96	
121	127	130	123	124	123	254	126	2	97	
120	127	135	122	125	123	254	126	2	98	
120	127	130	123	125	124	254	126	2	99	
120	127	129	123	124	123	254	126	2	100	
120	127	130	123	125	123	254	126	2	101	
120	127	130	123	125	124	254	126	2	102	
120	127	133	123	125	123	254	126	2	104	
121	127	126	123	124	124	254	126	2	105	
119	127	129	123	124	123	254	126	2	106	
120	127	121	123	124	123	254	126	2	107	
120	127	122	123	124	123	254	126	2	108	
120	127	124	123	125	123	254	126	2	109	
120	127	120	124	125	123	254	126	2	110	
120	126	124	123	124	123	254	126	2	111	
121	127	123	123	124	123	254	126	2	112	
121	127	126	124	125	123	254	126	2	113	
121	127	128	122	124	123	254	127	2	114	
121	127	131	123	125	123	254	126	2	115	
121	127	134	124	124	123	254	126	2	116	
120	126	136	123	125	123	254	126	2	117	
120	127	137	123	124	124	254	126	2	119	
121	127	132	124	124	123	254	125	2	120	
119	127	131	124	124	124	254	126	2	121	
120	127	128	124	124	123	254	125	2	122	
119	127	129	124	125	122	254	126	2	123	
120	127	123	124	125	123	254	125	2	124	
120	127	127	124	124	123	254	126	2	125	
121	126	118	124	125	123	254	126	2	126	
120	127	123	123	124	122	254	126	2	127	
120	127	119	123	124	122	254	126	2	128	
119	127	120	122	124	122	254	126	2	129	
120	128	118	123	125	122	244	126	2	130	
119	127	121	123	125	122	191	126	2	131	
120	127	123	124	124	122	141	126	2	132	
119	127	123	123	124	123	94	126	2	133	
119	128	127	124	124	124	49	126	2	134	
120	127	123	124	124	123	6	126	2	135	
120	128	131	124	125	123	0	126	2	136	
120	128	135	124	125	123	0	126	2	138	
120	127	128	124	125	123	0	126	2	139	
120	128	125	124	124	123	0	126	2	140	
119	127	126	125	124	123	0	126	2	141	
121	127	123	125	124	122	0	126	2	142	
120	127	125	126	123	124	0	126	2	143	
121	127	129	254	125	123	0	126	2	144	
120	127	125	254	123	123	0	126	2	145	
119	126	125	254	125	123	0	126	2	146	
120	127	119	254	124	122	0	127	2	147	
120	127	122	254	125	122	0	127	2	148	
120	127	110	254	125	123	0	127	2	149	
120	127	111	254	125	122	0	127	2	150	
120	127	100	254	126	123	0	126	2	151	
120	127	103	254	125	123	0	126	2	153	
120	127	102	254	126	122	0	126	2	154	
120	127	103	254	126	122	0	126	2	155	
120	127	108	254	126	122	0	126	2	156	
120	127	111	254	126	122	0	126	2	157	
120	127	118	254	125	122	0	126	2	158	
120	127	125	254	125	123	0	126	2	159	
120	127	125	254	125	122	0	126	2	160	
121	127	126	254	124	122	0	126	2	161	
120	127	131	254	125	122	0	126	2	162	
121	127	118	254	125	124	0	126	2	163	
120	128	124	254	125	123	0	126	2	164	
121	128	121	254	124	123	0	126	2	165	
120	127	121	254	125	123	0	126	2	166	
121	127	124	254	124	124	0	126	2	167	
121	127	129	254	124	122	0	126	2	168	
120	127	132	254	125	124	0	126	2	169	
120	127	133	254	124	123	0	126	2	170	
121	127	139	254	124	123	0	126	2	171	
121	127	128	212	125	122	0	126	2	172	
121	127	131	161	125	123	0	126	2	173	
120	127	129	112	124	123	0	126	2	174	
120	127	129	66	123	123	0	126	2	175	
121	127	134	22	125	122	0	126	2	176	
121	127	133	0	124	123	0	126	2	177	
121	128	129	0	125	123	0	125	2	178	
121	127	133	0	125	122	0	126	2	179	
121	128	130	0	124	123	0	126	2	180	
120	128	132	0	125	123	0	126	2	181	
120	128	133	0	125	123	0	125	2	182	
120	128	128	0	125	123	0	126	2	183	
121	128	134	0	125	123	0	125	2	184	
121	128	133	0	125	123	0	125	2	185	
121	128	134	0	125	123	0	126	2	187	
120	128	141	0	125	123	0	125	2	188	
120	128	141	0	124	123	0	125	2	189	
120	128	142	0	125	123	0	125	2	190	
120	128	139	0	125	123	0	125	2	191	
120	128	140	0	125	123	0	125	2	192	
122	128	123	0	125	123	0	126	2	193	
120	127	126	0	124	123	0	126	2	194	
121	128	130	0	124	125	0	125	2	195	
121	127	126	0	124	123	0	126	2	196	
120	128	128	0	125	123	0	125	2	197	
121	127	130	0	124	123	0	125	2	198	
120	128	135	254	125	123	0	126	2	199	
120	127	133	254	124	123	0	126	2	200	
120	127	131	254	125	123	0	126	2	201	
120	127	139	254	125	123	0	126	2	202	
120	127	138	254	125	123	0	125	2	203	
119	127	140	254	124	124	0	126	2	204	
121	127	137	254	126	123	0	126	2	205	
120	127	137	254	124	123	0	126	2	206	
120	127	132	254	124	123	0	126	2	207	
119	126	118	254	124	123	0	126	2	208	
120	126	123	254	124	123	0	126	2	209	
120	127	123	254	124	123	0	126	2	210	
119	126	119	254	125	122	0	126	2	211	
120	127	119	254	124	123	0	126	2	212	
120	127	125	254	125	123	0	126	2	213	
120	127	127	254	124	123	0	126	2	214	
120	127	129	254	124	123	0	126	2	215	
121	127	130	254	124	123	0	126	2	216	
120	127	120	254	124	123	0	126	2	217	
120	127	116	254	125	123	0	126	2	218	
120	127	114	254	126	122	0	126	2	219	
121	127	107	254	125	123	6	126	2	221	
121	127	111	254	124	122	12	126	2	222	
120	127	110	254	124	123	26	126	2	223	
120	127	118	254	125	122	32	126	2	224	
119	127	124	254	124	123	37	126	2	225	
119	127	127	254	124	124	43	126	2	226	
119	127	128	254	124	123	49	126	2	227	
119	127	130	254	125	123	54	125	2	228	
120	127	135	235	125	123	58	126	2	229	
120	127	123	205	124	124	64	125	2	230	
119	128	126	178	125	123	67	126	2	231	
121	127	118	150	123	124	73	126	2	232	
120	127	115	124	124	123	76	126	2	233	
120	128	116	100	124	124	81	124	2	234	
120	127	120	78	125	123	85	126	2	236	
120	128	122	56	125	124	89	125	2	237	
121	128	133	35	124	123	92	125	2	238	
119	128	134	16	125	124	96	126	2	239	
120	127	132	0	124	123	100	126	2	240	
120	127	135	0	125	123	103	125	2	241	
120	127	135	0	125	123	106	126	2	242	
120	127	132	0	125	122	109	125	2	243	
121	128	135	0	125	123	112	125	2	244	
121	128	131	0	125	123	115	126	2	245	
120	127	128	0	125	123	117	125	2	246	
120	128	125	0	124	123	120	126	2	247	
121	127	119	0	125	123	121	125	2	248	
120	128	112	0	125	123	124	125	2	249	
121	128	112	0	125	123	126	125	2	250	
120	127	100	0	125	124	128	126	2	251	
121	128	103	0	125	123	130	125	2	252	
121	128	105	0	125	123	131	125	2	253	
120	128	106	0	125	123	133	125	2	255	
120	128	112	0	125	123	135	126	2	0	
120	128	128	0	125	123	136	126	2	1	
120	128	133	0	125	123	139	125	2	2	
120	127	133	0	125	123	140	126	2	3	
120	127	125	0	125	123	140	125	2	4	
120	127	131	0	124	123	114	126	2	5	
121	127	125	0	125	123	0	126	2	6	
120	126	121	0	125	122	0	126	2	7	
120	127	120	0	125	123	0	126	2	8	
121	127	108	0	125	123	0	126	2	9	
120	127	116	0	125	123	0	126	2	10	
120	127	117	0	125	123	0	126	2	11	
120	127	118	0	125	123	11	126	2	12	
121	127	118	0	125	123	148	126	2	14	
120	127	124	0	125	123	220	126	2	15	
120	127	127	0	125	123	253	126	2	16	
120	128	127	0	125	123	254	126	2	17	
120	127	126	0	125	123	254	126	2	18	
120	127	120	0	125	123	254	126	2	19	
120	127	127	0	125	123	254	126	2	20	
120	127	129	0	125	123	254	126	2	21	
120	127	135	0	125	123	254	126	2	22	
120	127	129	0	125	123	254	126	2	23	
120	127	135	0	125	122	254	126	2	24	
120	127	145	0	125	123	249	126	2	25	
120	127	140	20	125	123	245	126	2	26	
121	127	143	83	125	123	241	126	2	27	
120	127	147	254	125	123	236	126	2	28	
120	127	140	254	125	124	232	126	2	29	
120	127	136	254	125	124	220	126	2	30	
121	127	132	254	125	123	82	126	2	31	
120	127	131	254	125	124	93	126	2	32	
120	127	132	254	125	124	116	126	2	33	
120	127	135	254	125	123	52	126	2	34	
120	127	137	254	124	124	60	126	2	35	
120	127	141	254	125	123	171	126	2	36	
120	127	138	254	125	123	155	126	2	37	
120	127	143	254	124	123	138	126	2	38	
120	127	137	254	125	123	0	126	2	39	
121	126	125	254	124	123	0	126	2	40	
120	127	128	254	125	123	0	126	2	41	
120	127	120	254	124	123	0	126	2	42	
120	127	113	254	124	123	0	126	2	43	
120	127	115	254	125	123	0	126	2	44	
121	127	121	254	124	123	0	126	2	45	
120	127	122	254	125	124	0	125	2	46	
120	127	127	254	125	124	0	126	2	48	
120	127	132	254	124	123	0	126	2	49	
121	127	129	254	124	124	0	126	2	50	
120	127	127	254	124	124	0	125	2	51	
120	127	128	254	124	123	0	125	2	52	
120	127	133	254	125	123	0	126	2	53	
121	127	130	254	125	123	0	125	2	54	
120	127	125	254	124	123	0	126	2	55	
120	127	131	254	125	126	0	126	2	56	
120	127	122	254	124	123	0	126	2	57	
121	127	119	254	124	123	0	125	2	58	
120	127	122	254	124	123	78	125	2	59	
120	127	124	254	125	123	254	126	2	60	
120	127	123	254	124	123	254	126	2	61	
119	127	121	254	124	123	254	126	2	62	
119	127	129	254	125	123	254	126	2	63	
119	127	129	229	125	122	254	126	2	64	
119	127	125	193	125	123	254	126	2	65	
119	127	123	159	126	124	254	126	2	66	
120	127	122	127	124	124	254	126	2	67	
120	127	113	96	125	123	254	126	2	68	
120	127	115	0	125	123	254	126	2	69	
120	127	111	0	125	123	254	125	2	70	
121	127	111	0	125	123	254	125	2	71	
121	127	113	0	125	123	254	126	2	72	
121	127	111	0	125	124	254	125	2	73	
120	128	116	0	125	123	254	125	2	74	
120	127	114	0	125	124	254	125	2	75	
120	128	124	0	125	123	254	125	2	76	
120	127	119	0	125	123	254	126	2	77	
120	128	130	0	125	123	254	126	2	78	
120	127	134	0	125	124	254	126	2	79	
120	127	125	0	125	123	254	125	2	80	
120	127	124	0	125	123	254	125	2	82	
121	127	127	0	125	124	254	125	2	83	
121	127	120	0	125	123	254	125	2	84	
120	127	124	0	125	123	254	125	2	85	
120	127	129	0	125	123	254	126	2	86	
121	128	131	0	125	124	254	125	2	87	
120	127	128	0	125	123	254	126	2	88	
120	127	134	0	125	124	254	125	2	89	
121	127	134	0	125	123	254	125	2	90	
120	127	132	0	125	123	254	125	2	91	
120	127	133	0	125	124	254	125	2	92	
121	127	137	0	125	123	254	126	2	93	
121	127	133	0	125	124	254	126	2	94	
121	128	129	0	125	124	254	126	2	95	
121	127	128	0	125	124	254	125	2	96	
120	127	120	0	125	124	254	123	2	97	
120	127	122	0	125	123	254	126	2	98	
120	128	126	0	124	124	254	125	2	99	
121	127	126	0	125	124	254	125	2	100	
120	127	129	34	124	124	254	125	2	101	
121	127	136	254	124	124	245	126	2	102	
119	127	130	254	124	124	200	126	2	103	
120	127	134	254	124	123	178	126	2	104	
120	127	121	254	124	123	158	126	2	105	
120	127	126	254	125	123	139	126	2	106	
120	128	123	254	124	123	121	126	2	107	
120	127	121	254	125	123	103	125	2	108	
120	128	124	254	124	124	87	126	2	109	
120	127	134	254	124	124	72	126	2	110	
120	127	137	254	125	123	58	126	2	111	
120	127	147	254	124	123	45	126	2	112	
120	127	148	254	125	124	32	126	2	113	
120	127	146	254	124	125	19	126	2	114	
120	127	144	254	125	123	9	126	2	116	
120	127	138	254	124	124	0	126	2	117	
120	127	135	254	124	124	0	126	2	118	
119	127	138	254	124	123	0	126	2	119	
120	127	132	254	124	124	0	126	2	120	
120	128	133	254	124	124	0	126	2	121	
120	127	128	254	123	124	0	126	2	122	
120	127	121	254	125	124	0	125	2	123	
120	127	121	254	124	124	0	126	2	124	
120	128	119	254	125	124	0	125	2	125	
121	127	112	254	124	123	0	126	2	126	
120	127	109	254	124	124	0	125	2	127	
121	128	106	254	124	124	0	125	2	128	
121	128	105	254	124	124	0	125	2	129	
121	127	103	254	125	124	0	125	2	131	
120	127	97	254	125	124	0	126	2	132	
121	127	105	254	124	124	0	125	2	133	
119	127	114	254	125	124	0	125	2	134	
121	128	113	254	125	124	0	126	2	135	
120	127	121	254	125	123	0	125	2	136	
120	128	119	254	124	125	0	125	2	137	
120	127	115	229	125	124	0	125	2	138	
121	127	113	189	123	124	0	125	2	139	
121	127	102	151	125	124	0	125	2	140	
121	127	108	0	125	124	0	125	2	141	
121	127	100	0	125	124	0	125	2	142	
120	127	104	0	125	124	0	125	2	143	
120	127	109	0	125	124	55	125	2	144	
121	127	117	0	125	124	254	125	2	145	
121	127	122	0	125	124	254	126	2	146	
120	127	123	0	125	124	254	125	2	147	
121	127	128	0	125	124	254	125	2	148	
120	127	121	0	126	124	254	125	2	150	
121	127	125	0	124	124	254	125	2	151	
121	127	129	0	125	124	254	126	2	152	
119	127	132	0	125	124	254	125	2	153	
120	127	129	0	125	124	254	125	2	154	
120	127	136	0	125	123	254	125	2	155	
120	127	139	0	125	124	254	125	2	156	
120	127	136	0	125	124	254	125	2	157	
119	127	133	0	125	124	254	125	2	158	
120	128	139	0	125	124	254	125	2	159	
119	127	140	0	125	124	254	125	2	160	
120	128	130	0	125	124	254	126	2	161	
120	127	132	0	125	124	254	125	2	162	
120	127	126	0	125	124	254	125	2	163	
120	128	129	0	125	124	254	125	2	165	
120	127	131	0	125	123	254	126	2	166	
120	127	131	0	124	123	254	125	2	167	
120	127	137	0	125	123	254	125	2	168	
121	127	130	0	123	124	254	125	2	169	
120	128	134	0	125	124	254	125	2	170	
120	127	129	0	125	124	254	125	2	171	
120	126	129	0	124	124	254	125	2	172	
120	127	126	0	125	126	254	125	2	173	
120	127	130	254	125	125	254	126	2	174	
121	127	126	254	125	124	254	126	2	175	
120	127	123	254	125	124	254	126	2	176	
121	127	131	254	125	124	254	126	2	177	
120	127	123	254	126	125	254	125	2	178	
120	127	131	254	126	124	254	126	2	179	
120	127	128	254	125	124	254	126	2	180	
120	127	131	254	125	123	254	126	2	181	
119	127	130	254	125	125	254	125	2	182	
120	127	127	254	126	124	254	126	2	183	
120	127	129	254	125	124	254	126	2	184	
120	127	136	254	124	125	254	126	2	185	
119	127	132	254	125	124	254	125	2	186	
121	127	141	254	125	123	207	125	2	187	
120	127	137	254	125	124	182	126	2	188	
120	127	135	254	124	124	159	126	2	189	
120	127	133	254	124	124	137	125	2	190	
121	127	130	254	125	125	116	125	2	191	
120	127	133	254	124	125	95	125	2	192	
120	127	125	254	124	124	75	126	2	193	
120	127	126	254	125	124	22	125	2	194	
120	127	121	254	124	124	0	126	2	195	
121	127	121	254	125	125	0	126	2	196	
121	127	126	254	126	125	0	126	2	197	
120	127	130	254	125	124	0	126	2	199	
120	127	134	254	124	124	0	126	2	200	
121	127	133	254	124	125	0	126	2	201	
119	127	138	254	124	124	0	126	2	202	
120	127	133	254	123	125	0	126	2	203	
120	127	131	254	125	124	0	125	2	204	
121	127	132	254	124	125	0	126	2	205	
120	127	123	254	125	124	0	126	2	206	
121	127	126	254	124	125	0	125	2	207	
121	128	120	218	123	125	0	125	2	208	
120	128	118	0	125	125	0	125	2	209	
120	127	118	0	124	124	0	126	2	210	
120	128	119	0	125	124	0	125	2	211	
121	128	121	0	124	124	0	125	2	212	
120	128	119	0	125	124	0	125	2	213	
120	128	126	0	124	124	0	123	2	214	
120	128	124	0	124	124	0	125	2	215	
120	128	128	0	125	124	0	125	2	216	
120	128	126	0	124	124	0	125	2	217	
120	127	130	0	125	124	0	125	2	218	
121	127	135	0	125	124	0	125	2	219	
120	127	135	0	125	124	0	125	2	220	
121	128	141	0	125	124	0	125	2	221	
121	127	141	0	124	124	0	125	2	222	
120	128	140	0	125	124	0	125	2	223	
121	127	142	0	124	124	0	125	2	224	
120	127	140	0	125	125	0	125	2	225	
120	127	133	0	125	124	0	125	2	226	
120	127	130	0	125	124	0	125	2	227	
120	128	123	0	125	124	0	126	2	228	
120	127	121	0	125	124	0	125	2	229	
120	127	123	0	125	124	0	125	2	230	
121	127	125	0	126	124	0	125	2	231	
120	127	122	0	125	124	0	125	2	233	
121	127	130	0	125	124	0	125	2	234	
120	127	125	0	125	124	0	125	2	235	
119	126	126	0	125	124	0	125	2	236	
121	127	128	0	125	124	0	125	2	237	
121	127	125	0	124	124	0	125	2	238	
120	127	123	0	125	124	0	125	2	239	
121	126	123	0	124	124	0	125	2	240	
120	127	120	0	125	124	0	125	2	241	
121	127	112	34	125	124	0	125	2	242	
120	127	114	254	124	124	0	126	2	243	
120	127	115	254	125	124	0	126	2	244	
121	127	118	254	124	124	0	126	2	245	
120	127	117	254	125	124	0	125	2	246	
120	127	120	254	126	124	0	126	2	248	
120	127	126	254	126	124	0	126	2	249	
119	127	117	254	125	124	0	126	2	250	
119	127	121	254	125	123	0	126	2	251	
119	127	116	254	126	125	0	126	2	252	
119	127	119	254	125	124	0	125	2	253	
119	127	119	254	125	124	0	125	2	254	
120	126	121	254	124	124	0	125	2	255	
119	127	121	254	125	124	0	125	2	0	
120	127	125	254	125	124	45	125	2	1	
120	128	115	254	125	124	92	125	2	2	
120	127	123	254	124	124	136	126	2	3	
120	127	114	254	125	124	178	126	2	4	
120	127	115	254	125	125	218	125	2	5	
121	128	114	254	125	124	254	125	2	6	
120	127	117	254	125	124	254	126	2	7	
120	127	122	254	125	124	254	125	2	8	
119	127	127	254	125	125	254	126	2	9	
121	127	130	254	125	125	254	125	2	11	
120	127	134	254	126	124	254	125	2	12	
120	127	133	254	125	125	254	125	2	13	
119	128	133	254	125	125	254	125	2	14	
121	127	134	254	125	124	254	125	2	15	
120	127	120	254	125	124	254	125	2	16	
121	127	126	254	125	124	254	125	2	17	
120	127	121	254	125	124	254	125	2	18	
120	127	117	254	125	125	254	125	2	19	
120	127	118	254	124	124	254	125	2	20	
120	128	122	220	125	124	254	125	2	21	
121	127	126	0	125	125	254	125	2	22	
120	128	123	0	125	124	254	125	2	23	
120	128	126	0	125	125	254	125	2	24	
121	128	123	0	125	125	254	125	2	26	
121	128	124	0	124	125	254	125	2	27	
120	128	128	0	125	124	254	125	2	28	
120	128	130	0	125	124	254	125	2	29	
120	128	133	0	123	125	254	125	2	30	
121	128	143	0	125	124	254	125	2	31	
120	127	140	0	125	125	254	125	2	32	
120	127	131	0	125	124	254	125	2	33	
120	128	137	0	124	124	254	125	2	34	
121	127	127	0	125	126	254	125	2	35	
121	128	126	0	124	124	254	125	2	36	
120	127	125	0	125	125	254	126	2	37	
120	127	119	0	125	125	254	126	2	38	
121	127	122	0	124	125	254	126	2	39	
121	127	121	0	125	125	254	126	2	40	
121	127	123	0	125	124	254	125	2	41	
120	127	120	0	125	125	254	124	2	42	
120	127	123	0	125	124	254	125	2	43	
120	127	124	0	125	124	254	125	2	44	
121	127	113	0	125	125	254	125	2	45	
121	128	104	0	125	124	170	125	2	46	
120	127	111	0	125	125	130	125	2	47	
120	127	110	0	125	124	0	125	2	48	
121	128	115	0	124	124	0	125	2	49	
120	127	121	0	125	124	6	125	2	50	
120	127	122	0	125	124	22	125	2	51	
120	127	129	0	125	124	38	125	2	52	
120	127	130	0	125	124	51	126	2	53	
121	127	135	29	124	124	65	125	2	54	
120	127	131	81	124	125	78	125	2	55	
120	127	137	254	125	125	94	126	2	56	
119	127	138	254	125	126	216	126	2	57	
120	127	136	254	125	125	254	125	2	58	
120	127	138	254	125	125	254	125	2	60	
120	127	144	254	124	124	254	126	2	61	
121	127	146	254	125	124	254	126	2	62	
120	127	147	254	124	124	254	126	2	63	
120	127	146	254	125	125	254	125	2	64	
120	127	142	254	124	124	254	126	2	65	
121	127	139	254	125	125	254	125	2	66	
120	126	136	254	125	125	254	126	2	67	
120	127	130	254	125	124	254	126	2	68	
120	127	130	254	125	124	254	126	2	69	
121	126	124	254	124	124	254	126	2	70	
120	126	125	254	125	125	254	126	2	71	
120	126	121	254	124	124	254	125	2	72	
120	126	119	254	125	125	254	126	2	73	
120	126	119	254	126	124	254	125	2	74	
120	126	112	254	125	125	254	124	2	75	
120	127	120	254	124	124	254	125	2	76	
120	127	118	254	124	125	254	125	2	77	
121	127	117	254	125	126	254	125	2	78	
119	127	117	254	124	125	254	125	2	79	
120	127	123	254	124	125	254	125	2	80	
119	126	127	254	125	124	176	125	2	81	
120	127	132	254	124	125	221	125	2	82	
120	127	127	254	125	125	254	125	2	83	
120	127	132	254	124	124	254	125	2	84	
120	127	124	254	124	124	254	126	2	85	
119	127	120	254	124	124	254	126	2	86	
120	127	121	254	124	124	254	124	2	87	
119	127	120	254	124	126	254	125	2	88	
119	127	120	254	125	125	254	126	2	89	
120	128	126	209	125	125	254	125	2	90	
119	128	123	0	125	125	254	125	2	91	
120	127	122	0	125	125	254	125	2	92	
120	127	123	0	125	124	254	125	2	94	
120	128	120	0	125	124	254	125	2	95	
120	128	113	0	125	125	254	125	2	96	
120	128	118	0	125	125	221	125	2	97	
120	128	114	0	124	124	108	125	2	98	
120	128	117	0	125	125	0	125	2	99	
120	128	115	0	124	125	0	125	2	100	
120	127	121	0	125	125	0	125	2	101	
121	128	123	0	124	125	0	125	2	102	
120	127	122	0	125	124	0	125	2	103	
120	128	125	0	125	125	0	125	2	104	
121	128	127	0	124	125	0	125	2	105	
120	128	126	0	125	125	0	125	2	106	
120	128	131	0	124	125	0	125	2	107	
121	127	134	0	125	124	0	125	2	109	
120	127	136	0	125	125	0	125	2	110	
120	128	134	0	125	125	68	125	2	111	
119	127	135	0	125	125	254	125	2	112	
120	127	127	0	125	125	254	125	2	113	
120	127	128	0	125	124	254	125	2	114	
119	127	125	0	125	125	254	125	2	115	
120	127	124	0	125	124	254	125	2	116	
121	127	122	0	125	125	254	125	2	117	
121	127	125	0	125	124	254	125	2	118	
121	127	129	0	125	125	254	125	2	119	
120	129	128	0	125	125	254	125	2	120	
121	127	133	0	125	125	254	125	2	121	
120	127	135	0	125	125	254	125	2	122	
120	127	132	0	125	125	254	125	2	123	
120	127	131	0	125	125	254	126	2	124	
120	127	132	20	125	125	254	126	2	125	
120	127	132	71	124	125	254	125	2	126	
120	127	130	254	126	125	190	125	2	128	
120	127	129	254	125	125	0	125	2	129	
120	127	130	254	124	125	0	126	2	130	
119	127	128	254	125	125	0	126	2	131	
121	127	126	254	125	124	0	126	2	132	
120	127	122	254	125	125	0	126	2	133	
120	127	121	254	124	125	0	126	2	134	
120	127	119	254	125	125	0	126	2	135	
120	126	124	254	125	125	0	126	2	136	
120	127	123	254	125	124	0	126	2	137	
120	127	123	254	124	125	0	125	2	138	
120	127	121	254	124	125	0	126	2	139	
120	127	122	254	125	125	0	125	2	140	
120	127	127	254	124	125	0	125	2	141	
120	127	127	254	125	125	0	126	2	143	
120	127	129	254	125	125	0	125	2	144	
121	127	131	254	125	125	0	125	2	145	
120	127	132	254	124	125	0	125	2	146	
121	127	130	254	125	125	0	125	2	147	
120	127	130	254	124	125	0	125	2	148	
120	127	131	254	124	126	0	125	2	149	
121	127	131	254	124	125	0	125	2	150	
120	127	117	254	124	125	0	125	2	151	
120	127	120	254	124	125	0	125	2	152	
120	127	118	254	124	125	0	125	2	153	
121	127	112	254	125	125	0	125	2	154	
121	128	114	254	124	125	0	126	2	155	
120	127	118	254	125	125	0	125	2	156	
121	127	121	254	124	125	0	125	2	157	
120	127	129	254	125	125	3	125	2	158	
121	127	130	254	124	126	23	125	2	159	
120	127	128	252	124	125	42	125	2	160	
120	127	126	0	124	125	61	124	2	161	
121	128	128	0	125	125	78	125	2	162	
120	128	123	0	125	125	95	125	2	163	
120	127	123	0	124	125	111	125	2	164	
121	127	124	0	125	125	140	125	2	165	
121	127	120	0	124	125	153	125	2	166	
121	127	126	0	125	125	165	125	2	167	
121	127	126	0	124	126	177	125	2	168	
120	127	126	0	125	125	187	125	2	169	
121	127	124	0	125	125	198	125	2	170	
121	127	125	0	125	125	208	125	2	171	
120	127	126	0	125	125	217	125	2	172	
120	127	126	0	125	125	227	125	2	173	
121	127	128	0	125	125	237	125	2	174	
120	127	128	0	125	125	251	125	2	175	
120	127	123	0	126	125	254	125	2	177	
121	127	127	0	125	125	254	125	2	178	
120	128	126	0	125	124	254	125	2	179	
119	127	126	0	125	125	254	125	2	180	
119	127	125	0	125	125	254	125	2	181	
120	127	130	0	124	125	254	125	2	182	
119	127	131	0	125	125	254	125	2	183	
119	126	122	0	125	125	254	125	2	184	
120	127	123	0	125	127	254	125	2	185	
120	127	111	0	125	125	254	125	2	186	
120	127	117	0	125	125	254	125	2	187	
120	127	118	0	125	125	254	126	2	188	
120	127	119	0	125	125	254	125	2	189	
120	127	127	0	125	125	254	125	2	190	
121	127	127	0	125	125	254	125	2	191	
120	127	129	0	125	125	254	124	2	192	
121	127	127	0	125	125	254	125	2	193	
120	127	127	0	125	125	254	125	2	194	
120	127	126	41	125	125	254	125	2	195	
121	127	127	92	125	126	254	125	2	196	
120	127	133	254	124	124	254	125	2	197	
119	127	135	254	124	125	254	125	2	198	
120	127	141	254	125	125	254	125	2	199	
119	127	141	254	125	125	254	126	2	200	
120	127	136	254	125	124	254	125	2	201	
120	127	138	254	125	125	254	126	2	202	
120	127	136	254	125	125	254	126	2	203	
119	127	132	254	126	126	254	125	2	204	
120	127	130	254	125	125	254	125	2	205	
119	127	127	254	125	125	254	126	2	206	
120	127	134	254	125	125	254	126	2	207	
120	127	125	254	125	125	254	126	2	208	
120	127	131	254	125	125	254	125	2	209	
120	127	124	254	126	125	254	125	2	211	
121	127	121	254	125	126	254	125	2	212	
121	127	121	254	125	125	254	125	2	213	
120	127	115	254	125	126	254	125	2	214	
120	127	122	254	124	125	254	125	2	215	
121	127	125	254	125	127	254	125	2	216	
120	127	128	254	124	125	254	125	2	217	
120	126	129	254	125	125	254	125	2	218	
120	127	132	254	124	125	254	125	2	219	
120	127	135	254	124	126	254	125	2	220	
120	127	127	254	124	125	254	126	2	221	
120	127	129	254	124	126	254	126	2	222	
120	127	117	254	124	125	254	126	2	223	
120	128	120	254	124	125	254	125	2	224	
120	127	117	254	125	125	254	126	2	226	
120	127	119	254	125	125	254	126	2	227	
121	127	123	254	125	126	237	125	2	228	
120	127	124	254	124	125	218	125	2	229	
120	127	132	254	125	125	152	125	2	230	
121	127	126	217	125	126	205	125	2	231	
120	127	127	0	124	125	188	125	2	232	
121	127	124	0	125	126	154	125	2	233	
121	128	124	0	124	125	168	125	2	234	
121	128	131	0	125	125	159	125	2	235	
121	128	135	0	125	126	140	125	2	236	
120	129	139	0	124	125	128	125	2	237	
121	128	137	0	125	126	122	125	2	238	
120	128	135	0	124	125	118	125	2	239	
121	128	135	0	125	127	116	124	2	240	
121	128	131	0	125	125	114	125	2	241	
121	128	127	0	124	126	114	125	2	242	
121	128	125	0	124	125	114	125	2	243	
120	128	123	0	125	126	113	125	2	245	
120	128	127	0	125	125	113	125	2	246	
121	128	123	0	125	126	114	125	2	247	
120	128	125	0	124	124	113	125	2	248	
121	128	121	0	125	125	113	125	2	249	
121	128	123	0	124	125	113	125	2	250	
120	128	126	0	125	125	113	125	2	251	
121	127	125	0	125	125	113	125	2	252	
121	127	128	0	125	125	112	125	2	253	
120	127	132	0	125	126	112	125	2	254	
121	127	133	0	124	125	112	125	2	255	
120	127	134	0	125	125	112	126	2	0	
121	127	134	0	124	124	113	125	2	1	
120	127	125	0	125	125	113	125	2	2	
121	127	128	0	125	126	113	125	2	4	
120	127	125	0	124	125	114	125	2	5	
120	127	122	0	125	126	114	125	2	6	
120	127	120	0	124	125	114	125	2	7	
120	127	120	0	125	126	115	125	2	8	
120	127	123	12	124	125	115	125	2	9	
120	127	118	63	124	125	115	125	2	10	
120	127	121	138	125	126	115	125	2	11	
120	127	122	254	124	125	115	125	2	12	
120	127	124	254	124	127	115	125	2	13	
119	127	123	254	124	125	115	124	2	14	
120	127	123	254	124	126	115	125	2	15	
120	127	116	254	124	124	115	126	2	16	
120	127	117	254	124	125	115	126	2	17	
120	127	115	254	124	125	116	125	2	18	
119	127	117	254	125	125	116	125	2	19	
120	127	118	254	124	125	116	126	2	20	
119	127	120	254	125	124	116	125	2	21	
119	127	123	254	124	125	116	126	2	22	
119	127	117	254	125	125	117	125	2	23	
120	127	120	254	126	125	117	125	2	24	
119	127	119	254	125	125	117	126	2	25	
120	126	119	254	125	126	117	125	2	26	
121	127	123	254	125	124	117	125	2	27	
120	127	124	254	124	126	118	125	2	28	
120	127	124	254	125	125	118	125	2	29	
119	127	126	254	125	126	117	125	2	30	
120	127	121	254	124	126	118	125	2	31	
120	127	126	254	124	126	118	125	2	32	
120	127	119	254	124	126	118	125	2	33	
120	127	123	254	126	125	119	126	2	34	
120	127	120	254	124	127	118	125	2	35	
120	127	117	254	124	125	118	125	2	36	
120	127	126	254	125	125	119	125	2	38	
120	127	119	254	125	125	119	126	2	39	
120	127	124	254	125	128	119	125	2	40	
121	127	124	254	125	125	120	125	2	41	
120	127	124	254	125	126	119	125	2	42	
121	127	120	254	125	125	120	125	2	43	
120	127	121	0	125	127	120	125	2	44	
120	127	121	0	125	125	120	125	2	45	
121	127	123	0	125	128	120	125	2	46	
121	127	123	0	125	125	120	125	2	47	
120	128	120	0	125	125	121	125	2	48	
120	128	127	0	125	126	123	125	2	49	
121	127	127	0	125	124	121	125	2	50	
121	128	129	0	125	126	122	125	2	51	
120	127	132	0	125	125	121	125	2	52	
121	128	127	0	126	125	121	125	2	53	
120	127	136	0	125	125	122	124	2	54	
121	128	137	0	125	125	122	125	2	55	
120	127	136	0	124	125	122	125	2	56	
120	127	141	0	125	126	122	125	2	57	
119	127	147	0	124	125	122	125	2	58	
120	127	143	0	125	125	122	125	2	59	
121	127	145	0	125	126	123	125	2	60	
120	127	142	0	125	125	122	125	2	61	
120	127	137	0	125	131	123	125	2	62	
120	127	130	0	124	117	122	126	2	63	
121	127	135	0	125	135	123	126	2	64	
120	127	134	0	124	131	122	126	2	65	
121	127	131	0	125	129	123	125	2	66	
120	127	129	0	125	126	123	125	2	67	
121	127	134	0	125	124	123	126	2	68	
120	127	133	0	124	124	123	125	2	69	
121	127	130	0	125	124	123	125	2	70	
120	127	136	0	125	122	122	125	2	72	
120	127	136	0	125	124	122	125	2	73	
119	128	134	0	125	123	123	125	2	74	
120	127	131	0	125	123	123	125	2	75	
120	127	125	0	125	124	123	125	2	76	
121	127	128	0	124	123	123	125	2	77	
120	127	128	43	125	125	123	125	2	78	
121	127	129	91	123	123	124	125	2	79	
120	127	130	138	124	126	124	125	2	80	
120	127	126	254	124	124	124	125	2	81	
120	127	129	254	124	123	124	125	2	82	
120	127	124	254	124	124	123	126	2	83	
120	127	123	254	124	124	124	125	2	84	
120	127	125	254	124	125	124	124	2	85	
120	127	124	254	124	123	124	125	2	87	
120	127	125	254	126	126	124	125	2	88	
120	127	122	254	125	124	239	125	2	89	
121	127	123	254	124	124	254	126	2	90	
120	127	123	254	126	126	254	125	2	91	
120	127	122	254	125	124	254	126	2	92	
119	127	130	254	125	126	254	126	2	93	
120	127	126	254	124	123	254	126	2	94	
120	126	126	254	126	125	254	125	2	95	
120	126	129	254	124	124	254	126	2	96	
120	126	115	254	125	125	254	125	2	97	
119	126	119	254	125	127	254	126	2	98	
119	126	120	254	124	125	254	126	2	99	
119	126	117	254	125	127	254	125	2	100	
120	126	120	254	124	124	254	125	2	101	
120	127	123	254	125	126	254	126	2	102	
120	127	126	254	125	125	254	125	2	103	
120	127	118	0	125	125	254	125	2	104	
121	127	127	0	125	125	254	125	2	106	
120	127	123	0	126	127	254	125	2	107	
120	127	124	0	125	122	254	125	2	108	
119	127	125	0	125	131	254	125	2	109	
121	127	127	0	124	181	254	125	2	110	
120	127	125	0	125	168	254	125	2	111	
120	127	127	0	125	254	254	125	2	112	
119	127	120	0	125	0	254	125	2	113	
119	127	122	0	125	254	254	125	2	114	
119	127	111	0	125	16	0	126	2	115	
119	127	115	0	125	254	0	125	2	116	
120	127	116	0	125	254	0	125	2	117	
120	127	115	0	125	223	0	125	2	118	
120	127	120	0	125	254	0	125	2	119	
120	128	122	0	126	94	0	125	2	121	
120	128	126	0	125	146	0	125	2	122	
120	127	134	0	125	83	0	125	2	123	
120	127	134	0	125	37	0	125	2	124	
120	128	134	0	125	11	0	125	2	125	
121	127	142	0	125	1	0	125	2	126	
120	128	134	0	125	0	0	125	2	127	
120	128	136	0	125	0	0	125	2	128	
120	126	123	0	125	4	0	125	2	129	
120	127	123	0	125	7	0	125	2	130	
121	127	122	0	125	13	0	125	2	131	
120	127	125	0	124	17	254	125	2	132	
121	128	128	0	125	24	254	126	2	133	
120	128	126	0	125	27	254	125	2	134	
120	128	133	0	125	32	254	125	2	135	
121	127	125	0	125	38	254	125	2	136	
121	127	125	0	126	42	254	125	2	137	
120	127	126	0	124	48	254	125	2	138	
120	127	123	0	125	51	254	125	2	139	
121	128	125	0	124	60	254	125	2	140	
121	127	124	19	125	65	254	125	2	141	
120	128	124	61	124	68	254	125	2	142	
120	127	123	100	125	72	254	125	2	143	
121	128	123	136	124	76	254	125	2	144	
120	128	127	170	124	78	254	125	2	145	
121	128	131	254	124	84	254	125	2	146	
120	127	135	254	123	85	254	125	2	147	
121	127	131	254	124	88	254	125	2	148	
120	127	142	254	124	90	254	125	2	149	
120	127	145	254	124	93	254	125	2	150	
120	127	146	254	124	98	254	126	2	151	
120	127	146	254	125	97	254	125	2	152	
120	127	145	254	124	102	254	126	2	153	
120	127	137	254	125	105	249	125	2	155	
121	127	133	254	125	107	204	125	2	156	
119	127	126	254	124	110	161	125	2	157	
120	127	121	254	124	112	119	125	2	158	
121	127	118	254	124	112	81	125	2	159	
121	128	116	254	123	116	44	125	2	160	
121	127	115	254	124	117	9	125	2	161	
121	127	110	254	124	119	0	125	2	162	
121	128	113	254	124	123	0	125	2	163	
120	128	104	254	124	122	0	125	2	164	
121	127	110	254	125	125	0	125	2	165	
121	128	112	254	124	125	0	125	2	166	
120	127	113	254	124	127	0	125	2	167	
120	128	115	254	123	128	0	125	2	168	
120	127	114	254	124	130	0	125	2	169	
121	128	119	254	124	121	0	125	2	170	
121	127	122	254	125	131	0	125	2	171	
120	128	123	254	124	255	0	125	2	172	
120	128	121	254	125	254	0	125	2	173	
120	127	125	254	125	223	0	125	2	174	
120	127	121	254	125	185	0	125	2	175	
120	127	122	254	124	147	0	125	2	176	
120	127	127	254	125	125	0	125	2	177	
121	127	123	223	124	254	189	125	2	178	
121	128	122	171	124	75	254	125	2	179	
120	127	128	0	126	187	254	125	2	180	
121	127	121	0	125	0	254	125	2	181	
120	128	120	0	125	167	254	125	2	182	
121	127	120	0	125	123	254	125	2	183	
121	128	118	0	125	145	254	125	2	184	
120	127	123	0	125	210	254	125	2	185	
121	128	116	0	125	113	254	125	2	186	
120	128	121	0	124	103	254	125	2	187	
120	127	120	0	126	99	254	125	2	189	
120	127	121	0	125	134	254	124	2	190	
120	127	125	0	125	121	5	125	2	191	
120	127	121	0	125	254	0	125	2	192	
120	127	128	0	125	109	0	125	2	193	
121	127	128	0	125	254	0	125	2	194	
120	127	125	0	125	254	0	125	2	195	
120	127	122	0	125	254	0	125	2	196	
121	127	125	0	125	254	0	125	2	197	
120	128	127	0	125	199	0	125	2	198	
120	127	123	0	125	254	0	125	2	199	
120	127	127	0	125	0	0	125	2	200	
120	127	128	0	125	254	0	125	2	201	
120	127	129	0	125	0	0	125	2	202	
120	127	132	0	125	122	0	125	2	204	
120	127	133	0	125	28	0	123	2	205	
120	127	138	0	125	1	0	125	2	206	
120	127	131	0	125	0	0	125	2	207	
120	127	133	0	125	0	254	125	2	208	
120	127	119	0	125	254	254	125	2	209	
119	127	118	0	125	0	254	125	2	210	
119	127	123	0	125	180	254	126	2	211	
120	127	126	0	125	193	254	125	2	212	
119	127	133	0	125	116	254	125	2	213	
120	127	137	0	125	254	254	125	2	214	
120	127	142	30	125	68	254	125	2	215	
121	127	141	76	124	254	254	125	2	216	
120	127	136	120	125	0	254	125	2	217	
120	127	142	254	124	199	254	125	2	218	
121	127	135	254	125	99	254	125	2	219	
120	127	137	254	125	94	254	125	2	220	
120	127	133	254	124	254	175	125	2	221	
120	127	133	254	125	254	0	126	2	223	
120	127	134	254	126	0	0	126	2	224	
120	127	134	254	125	240	0	126	2	225	
119	127	131	254	124	98	0	125	2	226	
121	127	130	254	125	83	0	125	2	227	
121	127	125	254	125	217	0	125	2	228	
120	127	125	254	125	45	0	125	2	229	
120	127	122	254	125	254	0	125	2	230	
120	126	117	254	125	0	0	126	2	231	
121	127	116	254	125	254	0	125	2	232	
120	127	121	254	125	175	0	125	2	233	
120	127	125	254	125	52	0	125	2	234	
120	127	120	254	124	254	0	125	2	235	
121	127	124	254	124	98	254	125	2	236	
120	127	122	254	125	254	254	125	2	238	
120	127	129	254	124	0	254	125	2	239	
120	127	131	254	126	254	254	125	2	240	
120	127	125	254	125	176	254	126	2	241	
120	127	125	254	124	125	254	125	2	242	
120	127	125	254	125	254	254	125	2	243	
120	127	117	254	125	29	254	125	2	244	
120	127	122	254	125	254	254	125	2	245	
119	126	119	254	124	0	254	125	2	246	
121	127	118	254	125	254	254	126	2	247	
120	127	121	254	124	254	254	126	2	248	
120	127	118	254	125	254	254	126	2	249	
120	127	117	254	124	254	254	126	2	250	
121	127	119	254	125	254	254	126	2	251	
121	128	111	219	124	254	254	125	2	252	
120	127	118	172	125	0	254	126	2	253	
120	128	114	128	125	254	254	125	2	254	
121	128	117	85	124	0	254	125	2	255	
121	128	120	46	124	0	254	125	2	0	
121	128	117	0	125	0	254	125	2	1	
121	128	123	0	125	0	254	125	2	2	
120	128	126	0	125	0	254	125	2	3	
121	128	128	0	125	0	254	125	2	4	
120	128	130	0	124	0	254	124	2	5	
120	128	132	0	125	0	254	125	2	6	
120	128	129	0	124	0	254	125	2	7	
121	127	135	0	125	0	254	125	2	8	
121	128	130	0	124	0	254	125	2	9	
121	128	132	0	125	0	0	125	2	10	
120	128	134	0	125	0	0	125	2	11	
121	128	134	0	125	0	0	125	2	12	
121	128	132	0	124	0	0	125	2	13	
121	128	131	0	125	0	0	125	2	14	
120	128	134	0	124	0	0	125	2	16	
121	128	118	0	125	0	0	125	2	17	
120	128	121	0	125	0	0	125	2	18	
120	128	106	0	125	0	0	124	2	19	
120	128	109	0	125	0	0	125	2	20	
121	127	109	0	122	0	0	125	2	21	
120	127	112	0	125	0	110	125	2	22	
121	127	115	0	125	65	254	125	2	23	
121	127	123	0	125	0	254	125	2	24	
121	127	128	0	125	169	254	125	2	25	
120	127	136	0	125	14	254	125	2	26	
121	127	134	0	125	147	254	125	2	27	
120	127	139	0	124	0	254	125	2	28	
121	127	142	0	125	88	254	125	2	29	
120	127	138	0	124	40	254	125	2	30	
120	127	139	0	125	82	254	125	2	31	
120	127	137	0	124	73	254	125	2	32	
120	127	125	27	124	56	254	125	2	33	
120	127	127	78	124	49	254	125	2	34	
120	127	126	127	126	57	0	125	2	35	
119	127	123	254	124	63	0	125	2	36	
121	127	119	254	124	73	0	125	2	37	
121	127	122	254	125	80	0	125	2	38	
120	127	116	254	124	89	0	125	2	39	
120	127	119	254	125	98	0	125	2	40	
120	127	113	254	124	105	0	125	2	41	
119	127	117	254	125	114	0	125	2	42	
120	127	121	254	124	119	0	125	2	43	
119	127	114	254	125	127	0	125	2	44	
119	127	118	254	125	133	0	125	2	45	
120	127	113	254	124	140	0	126	2	46	
119	127	119	254	125	146	0	125	2	47	
119	127	114	254	125	156	254	125	2	48	
120	127	118	254	126	161	254	125	2	50	
120	127	120	254	124	165	254	125	2	51	
119	127	112	254	124	168	254	125	2	52	
120	127	116	254	125	172	254	125	2	53	
120	127	115	254	125	176	254	125	2	54	
120	127	121	254	125	178	254	125	2	55	
120	127	117	254	124	181	254	125	2	56	
120	126	124	254	125	183	254	125	2	57	
120	127	128	254	124	186	254	125	2	58	
120	127	128	254	125	187	254	124	2	59	
120	127	129	254	124	189	254	125	2	60	
120	127	133	254	125	191	0	126	2	61	
120	127	138	254	124	192	0	125	2	62	
120	126	137	254	125	194	0	125	2	63	
120	127	140	254	124	194	0	125	2	64	
120	127	137	254	126	197	0	125	2	65	
120	127	132	254	125	195	0	125	2	66	
120	127	133	254	125	196	0	125	2	67	
120	127	125	254	126	197	0	125	2	68	
120	127	128	240	125	196	0	125	2	69	
120	127	127	194	125	198	0	125	2	70	
121	127	126	150	125	197	0	125	2	71	
121	127	130	108	125	211	0	126	2	72	
121	127	132	69	125	254	0	125	2	73	
120	128	125	33	125	159	0	125	2	74	
254	127	134	0	125	254	0	125	2	75	
254	127	129	0	125	194	0	126	2	76	
254	127	128	0	125	254	0	126	2	77	
254	127	128	0	125	254	0	126	2	78	
254	127	133	0	126	254	254	126	2	79	
254	127	136	0	126	254	254	126	2	80	
254	126	134	0	126	251	254	126	2	81	
254	127	138	0	125	254	254	126	2	82	
254	127	128	0	126	255	254	126	2	84	
254	127	121	0	125	254	254	126	2	85	
254	127	121	0	126	254	254	126	2	86	
254	126	121	0	125	254	254	126	2	87	
254	127	114	0	126	254	254	126	2	88	
254	127	123	0	126	254	254	126	2	89	
254	127	120	0	125	254	246	126	2	90	
254	126	123	0	126	254	117	125	2	91	
254	127	123	0	125	254	10	125	2	92	
254	127	124	0	125	254	0	125	2	93	
254	127	130	0	125	254	0	125	2	94	
254	127	124	0	125	254	0	125	2	95	
254	128	124	0	125	255	0	125	2	96	
254	128	120	0	125	254	0	125	2	97	
254	127	124	0	125	255	0	125	2	99	
254	127	114	0	125	203	0	125	2	100	
254	128	121	0	125	254	0	125	2	101	
254	128	123	0	125	36	175	125	2	102	
254	128	128	0	125	0	254	125	2	103	
219	128	128	0	125	134	254	125	2	104	
185	128	134	0	125	0	254	125	2	105	
153	128	125	0	125	129	254	125	2	106	
122	128	125	0	124	0	247	124	2	107	
93	128	124	0	125	54	4	125	2	108	
66	129	117	0	124	0	0	124	2	109	
40	128	121	0	125	0	0	125	2	110	
16	128	115	0	124	151	0	125	2	111	
0	128	121	0	124	0	0	124	2	112	
0	128	118	0	125	164	0	125	2	113	
0	128	127	0	125	0	0	125	2	114	
0	128	127	0	124	0	0	125	2	115	
0	128	126	0	125	0	0	125	2	116	
0	128	132	0	124	0	0	125	2	118	
0	128	129	0	125	0	0	124	2	119	
0	128	125	0	125	131	0	125	2	120	
0	127	130	0	124	0	0	125	2	121	
0	127	132	0	124	55	0	124	2	122	
0	127	132	0	124	0	24	125	2	123	
0	127	135	0	125	0	60	124	2	124	
0	127	133	0	124	247	94	125	2	125	
0	127	135	0	125	0	127	125	2	126	
0	128	129	0	125	254	159	125	2	127	
0	128	136	0	124	0	188	125	2	128	
0	128	134	0	124	254	216	125	2	129	
0	128	130	0	125	0	242	124	2	130	
0	128	134	0	124	0	254	125	2	131	
0	127	133	0	125	0	254	125	2	133	
0	127	136	0	125	46	254	125	2	134	
0	127	135	0	124	0	254	125	2	135	
0	127	140	0	125	0	254	125	2	136	
0	127	133	0	124	0	254	125	2	137	
0	127	135	0	123	0	254	125	2	138	
0	127	131	0	124	0	254	125	2	139	
0	128	133	0	125	0	254	125	2	140	
0	128	130	0	125	13	254	125	2	141	
0	127	134	0	124	0	254	125	2	142	
0	128	132	0	125	0	254	125	2	143	
0	128	130	0	124	0	254	125	2	144	
0	127	128	0	125	0	254	125	2	145	
0	127	127	0	124	0	254	125	2	146	
0	128	132	0	125	0	254	125	2	147	
0	127	126	0	125	141	254	125	2	148	
0	128	129	0	125	0	254	125	2	149	
0	127	127	0	125	254	254	125	2	150	
0	127	126	0	125	184	254	125	2	151	
0	127	125	0	125	139	254	125	2	152	
0	127	126	0	125	0	254	125	2	153	
0	127	127	5	125	178	254	125	2	154	
0	127	129	13	125	0	254	125	2	155	
0	127	127	21	125	0	254	125	2	156	
0	128	131	28	125	0	254	125	2	157	
0	127	129	43	125	0	254	125	2	158	
0	127	128	50	124	0	254	125	2	159	
0	127	132	57	125	0	254	125	2	160	
0	127	127	63	125	0	254	125	2	161	
0	127	128	69	125	0	254	125	2	162	
0	127	123	74	125	0	254	125	2	163	
0	127	127	80	125	0	254	125	2	164	
0	127	125	85	124	0	254	125	2	165	
0	128	128	89	125	0	254	125	2	167	
0	127	132	94	124	0	254	125	2	168	
0	127	123	99	125	0	254	125	2	169	
0	127	129	103	124	0	254	125	2	170	
0	128	126	107	125	0	254	125	2	171	
0	127	127	111	124	0	254	125	2	172	
0	127	128	115	125	0	254	125	2	173	
0	127	129	118	124	0	254	125	2	174	
0	127	134	121	124	0	254	125	2	175	
0	127	126	125	124	0	254	125	2	176	
0	128	131	128	125	0	254	125	2	177	
0	127	123	130	125	0	254	125	2	178	
0	127	124	133	125	0	254	125	2	179	
0	127	118	135	124	0	254	126	2	180	
0	127	118	138	125	22	254	126	2	181	
0	127	123	140	124	0	254	125	2	182	
0	127	119	142	125	96	254	126	2	183	
0	127	122	144	125	131	254	125	2	184	
0	127	110	147	124	254	254	125	2	185	
0	127	112	148	125	206	254	125	2	186	
0	127	108	150	124	254	254	125	2	187	
0	127	110	150	125	254	254	125	2	188	
0	127	101	151	124	254	255	126	2	189	
6	127	106	153	126	254	254	126	2	190	
11	127	104	153	124	255	254	126	2	191	
15	126	113	156	126	254	254	126	2	192	
21	127	113	156	125	255	254	126	2	193	
25	127	117	157	125	254	254	125	2	194	
30	127	124	157	125	254	254	126	2	195	
34	127	126	158	126	254	254	126	2	196	
39	127	135	158	125	254	254	126	2	197	
44	127	131	158	126	254	254	125	2	198	
48	127	138	159	125	254	254	126	2	199	
51	127	136	159	125	254	254	125	2	201	
56	127	141	159	125	254	254	125	2	202	
60	127	140	159	125	254	245	125	2	203	
63	127	138	159	125	254	239	125	2	204	
70	127	148	159	125	254	233	126	2	205	
73	127	137	158	125	254	228	126	2	206	
77	127	147	158	125	254	223	125	2	207	
80	127	131	158	124	254	218	125	2	208	
83	127	136	158	125	254	213	125	2	209	
85	127	130	158	124	254	208	125	2	210	
88	127	120	157	124	254	204	126	2	211	
91	127	124	158	125	254	199	125	2	212	
94	127	130	157	124	254	194	125	2	213	
96	127	136	156	124	255	190	125	2	214	
98	127	138	156	124	254	187	124	2	216	
101	127	146	156	126	254	182	125	2	217	
104	127	141	155	124	254	179	125	2	218	
105	126	132	155	125	254	174	125	2	219	
108	127	130	154	123	254	171	125	2	220	
110	126	119	154	125	254	168	125	2	221	
111	127	119	153	125	254	164	125	2	222	
113	126	123	153	124	225	161	125	2	223	
114	128	132	152	125	188	158	124	2	224	
115	127	138	151	124	155	155	125	2	225	
116	128	144	151	124	123	153	124	2	226	
118	129	135	150	124	92	149	125	2	227	
119	128	142	149	124	64	147	125	2	228	
121	128	126	148	125	36	144	125	2	229	
121	128	130	148	124	10	142	125	2	230	
122	128	129	148	123	0	139	125	2	231	
123	128	125	147	124	0	137	125	2	232	
124	128	126	146	124	0	135	125	2	233	
125	128	119	146	125	0	134	125	2	235	
125	128	106	145	125	0	131	125	2	236	
125	128	103	145	125	0	129	125	2	237	
126	128	101	144	125	0	126	125	2	238	
127	127	100	144	125	0	125	125	2	239	
127	128	107	143	125	0	123	125	2	240	
128	128	112	143	124	0	122	125	2	241	
128	128	120	142	124	0	120	125	2	242	
128	127	111	141	124	0	119	125	2	243	
128	128	117	141	125	0	118	125	2	244	
128	128	107	140	124	0	117	125	2	245	
129	128	100	141	124	0	116	125	2	246	
128	127	94	140	125	0	115	125	2	247	
128	127	84	139	124	0	114	125	2	248	
129	128	86	139	125	0	114	125	2	250	
129	128	79	138	125	0	113	125	2	251	
130	127	90	139	125	0	112	125	2	252	
129	127	89	138	125	0	112	125	2	253	
128	127	99	138	125	0	111	125	2	254	
129	127	112	137	125	0	111	125	2	255	
128	127	123	137	126	0	110	125	2	0	
128	127	125	136	125	0	110	125	2	1	
128	127	130	136	125	0	110	125	2	2	
128	128	137	136	125	0	109	125	2	3	
127	127	150	135	125	0	109	125	2	4	
128	127	154	135	126	0	109	125	2	5	
127	127	158	135	124	0	109	125	2	6	
127	128	171	134	126	0	109	125	2	7	
127	127	172	134	124	0	108	125	2	8	
127	127	178	135	125	0	108	125	2	9	
127	127	186	134	125	0	108	125	2	10	
126	127	188	133	125	0	108	125	2	11	
126	127	183	133	125	0	108	125	2	12	
126	127	179	133	125	0	108	125	2	13	
127	127	168	133	125	0	108	125	2	14	
126	127	168	132	125	0	108	125	2	15	
126	126	158	132	125	0	109	125	2	16	
125	127	166	131	124	0	109	125	2	17	
125	127	160	132	125	0	109	125	2	18	
124	127	160	132	125	0	109	125	2	19	
124	127	160	132	125	0	109	125	2	20	
124	127	157	131	125	0	110	126	2	21	
124	127	156	131	125	0	110	125	2	22	
124	127	157	131	125	0	110	125	2	23	
124	127	158	131	125	0	110	126	2	24	
123	127	155	130	125	0	110	125	2	25	
123	127	152	130	125	0	111	125	2	26	
123	127	147	130	125	0	111	125	2	28	
123	127	141	129	125	0	111	125	2	29	
123	127	138	0	125	0	112	125	2	30	
123	127	117	0	125	0	112	125	2	31	
122	127	120	0	125	0	112	124	2	32	
122	127	112	0	125	0	113	125	2	33	
122	127	103	0	125	0	113	125	2	34	
121	127	105	0	124	0	112	125	2	35	
121	127	99	0	125	0	113	125	2	36	
120	128	110	0	125	0	114	125	2	37	
121	127	113	0	125	0	114	125	2	38	
121	127	115	0	125	0	116	125	2	39	
120	128	108	0	125	0	114	125	2	40	
121	128	115	0	125	0	115	125	2	41	
120	127	111	0	124	0	115	124	2	42	
120	128	106	0	125	0	115	123	2	43	
121	128	106	0	124	0	115	125	2	44	
120	128	86	0	125	0	115	125	2	45	
120	127	96	0	125	0	115	125	2	46	
120	127	88	0	125	0	116	125	2	47	
120	128	85	0	125	0	117	125	2	48	
120	128	91	0	125	0	117	125	2	49	
120	128	96	0	125	0	117	125	2	50	
119	127	89	0	125	0	117	125	2	51	
119	127	93	0	125	0	117	125	2	52	
119	127	91	0	125	0	117	126	2	53	
119	127	89	0	125	0	118	125	2	54	
119	127	88	0	125	0	118	125	2	55	
119	127	92	0	125	0	119	125	2	56	
119	127	92	24	125	24	119	125	2	57	
119	126	90	84	125	0	119	125	2	58	
119	127	90	140	124	50	119	124	2	59	
119	127	88	191	125	159	119	125	2	60	
119	127	84	242	125	0	119	125	2	62	
119	127	79	254	125	0	120	125	2	63	
120	127	78	254	125	0	254	125	2	64	
119	126	92	254	124	0	254	125	2	65	
118	127	96	254	125	0	254	125	2	66	
118	127	109	254	125	0	254	125	2	67	
