0	1	2	1	0	4	15	39	0	51	
0	1	2	2	0	5	11	29	0	52	
1	2	5	11	121	71	83	39	0	53	
0	2	5	12	150	115	100	61	0	54	
0	2	4	8	121	118	110	79	0	55	
0	2	3	7	122	119	133	92	0	56	
1	2	4	9	169	151	170	139	0	57	
0	2	5	13	239	200	201	167	0	58	
0	2	5	12	255	228	222	190	0	59	
0	2	4	10	252	242	235	208	0	60	
0	1	3	8	198	248	223	211	0	61	
0	1	2	4	95	216	178	191	0	62	
0	1	0	0	92	144	143	167	0	63	
0	0	1	0	3	50	91	129	0	64	
0	1	0	0	0	23	55	94	0	66	
0	1	1	0	0	14	34	67	0	67	
0	1	2	0	0	5	23	46	0	68	
0	2	2	1	38	25	46	38	0	69	
0	2	3	5	97	66	51	44	0	70	
0	2	4	9	68	60	37	47	0	71	
0	1	4	0	0	28	26	34	0	72	
0	1	2	1	0	14	17	27	0	73	
0	1	2	2	0	7	10	20	0	74	
0	1	2	3	0	3	6	15	0	75	
0	1	3	3	0	2	4	11	0	76	
0	1	3	3	8	1	10	12	0	77	
1	1	3	4	165	12	62	39	0	78	
1	3	3	15	187	150	110	73	0	79	
0	2	6	14	109	121	113	88	0	80	
0	2	5	7	69	95	103	93	0	81	
0	1	3	2	210	165	165	116	0	82	
1	2	5	12	219	189	197	138	0	83	
0	2	5	12	253	225	219	165	0	84	
0	2	4	11	255	240	215	188	0	85	
0	2	4	5	198	214	213	202	0	86	
0	1	3	5	205	212	196	196	0	87	
0	1	2	2	168	184	157	174	0	88	
0	1	2	0	145	126	144	160	0	89	
0	1	0	4	40	133	105	132	0	90	
0	1	3	0	83	77	94	115	0	91	
0	1	1	1	89	84	87	102	0	92	
0	1	2	3	99	90	87	96	0	93	
0	1	3	4	88	89	87	92	0	94	
0	1	3	4	60	69	75	83	0	95	
0	1	3	2	15	39	55	69	0	96	
0	1	1	0	0	19	35	53	0	97	
0	1	2	0	0	9	22	39	0	98	
0	1	2	1	0	4	13	29	0	99	
0	1	2	3	0	2	8	20	0	100	
0	1	3	3	0	1	5	15	0	101	
0	1	3	3	0	0	3	11	0	102	
0	1	3	5	14	6	5	9	0	103	
0	2	3	6	40	28	18	15	0	104	
0	2	3	7	61	45	33	24	0	105	
0	2	4	9	97	76	57	40	0	107	
0	2	4	11	146	116	89	64	0	108	
0	2	5	12	189	157	126	93	0	109	
0	2	5	7	132	138	130	108	0	110	
0	2	3	0	18	73	97	99	0	111	
0	1	0	1	36	53	74	86	0	112	
0	1	2	0	0	24	47	66	0	113	
0	1	1	0	0	11	29	49	0	114	
0	1	2	2	0	5	17	35	0	115	
1	2	2	12	142	86	58	49	0	116	
0	2	5	7	82	78	66	57	0	117	
0	2	4	10	157	128	101	79	0	118	
1	3	4	16	255	198	155	115	0	119	
0	2	6	13	255	227	193	150	0	120	
0	2	5	11	255	242	218	179	0	122	
0	2	4	8	229	232	224	197	0	123	
0	0	3	0	73	138	114	180	0	124	
0	0	0	0	0	64	76	146	0	125	
0	1	0	0	22	43	54	112	0	126	
0	1	1	1	32	36	52	86	0	127	
0	1	2	4	58	51	88	82	0	128	
1	2	3	11	160	116	134	108	0	129	
0	2	5	14	222	173	142	122	0	130	
0	2	6	7	211	155	170	144	0	131	
0	2	3	10	242	191	192	165	0	132	
0	1	4	11	103	214	164	160	0	133	
0	1	4	0	122	145	153	155	0	134	
0	2	1	1	199	175	166	160	0	135	
0	2	1	8	229	204	186	172	0	137	
0	2	4	9	234	217	201	184	0	138	
0	1	4	9	184	193	159	186	0	139	
0	1	3	5	92	133	104	170	0	140	
0	0	1	0	0	61	64	136	0	141	
0	1	0	0	0	29	37	101	0	142	
0	1	1	0	0	13	20	50	0	143	
0	1	1	1	0	5	11	34	0	144	
1	1	2	2	0	2	60	51	0	145	
1	2	2	12	255	95	126	89	0	146	
1	3	5	19	255	181	175	129	0	147	
0	2	7	15	252	220	205	162	0	148	
0	2	6	12	218	234	218	185	0	149	
0	1	5	7	103	148	176	175	0	150	
0	1	3	0	0	69	117	144	0	151	
0	0	1	0	0	33	72	109	0	152	
0	1	0	0	35	41	82	86	0	153	
1	1	2	1	148	100	116	87	0	154	
1	2	5	11	178	145	164	102	0	155	
1	2	5	11	255	205	198	132	0	156	
0	3	6	13	255	231	221	187	0	157	
0	2	5	10	255	243	235	207	0	158	
0	2	4	9	255	249	243	221	0	159	
0	2	3	7	175	251	219	216	0	160	
0	2	3	2	84	203	172	192	0	161	
0	1	2	0	56	135	128	160	0	162	
0	0	0	0	46	91	93	128	0	163	
0	1	0	0	26	41	64	98	0	164	
0	1	1	0	62	54	59	81	0	165	
0	1	2	3	82	68	63	74	0	166	
0	1	3	5	66	68	64	70	0	167	
0	2	3	4	11	35	47	58	0	168	
0	1	2	0	0	17	31	45	0	169	
0	1	2	0	0	8	19	34	0	170	
0	1	2	2	0	4	12	25	0	171	
0	1	3	3	0	2	7	18	0	172	
0	1	3	3	0	2	5	14	0	173	
0	2	3	4	0	1	4	10	0	174	
0	2	3	4	0	1	3	8	0	175	
0	2	3	4	0	1	2	7	0	176	
0	2	3	4	0	1	2	5	0	178	
0	2	3	4	0	1	2	5	0	179	
0	2	3	4	0	1	2	4	0	180	
0	2	3	4	0	1	2	4	0	181	
0	2	3	4	0	1	2	4	0	182	
0	2	3	4	0	1	2	4	0	183	
0	2	3	4	0	1	2	4	0	184	
0	2	3	4	0	1	2	4	0	185	
0	2	3	11	107	69	42	24	0	186	
1	3	5	19	246	172	114	69	0	187	
1	3	7	17	255	215	168	115	0	188	
1	2	6	13	255	237	204	154	0	189	
0	2	5	11	255	247	226	185	0	190	
0	2	4	7	223	229	226	200	0	191	
0	1	3	6	236	237	232	212	0	193	
0	1	3	3	182	197	211	207	0	194	
0	0	2	0	41	111	133	179	0	195	
0	1	0	2	106	111	135	157	0	196	
0	2	2	7	164	137	131	147	0	197	
0	1	3	4	127	131	150	139	0	198	
1	2	2	8	189	166	184	164	0	199	
1	2	4	12	252	213	209	184	0	200	
0	2	5	10	255	234	227	202	0	201	
0	2	4	9	255	244	237	216	0	202	
0	2	4	8	255	249	244	226	0	203	
0	2	3	7	255	251	247	234	0	204	
0	2	3	6	255	252	248	238	0	205	
0	1	3	6	189	209	224	228	0	206	
0	1	3	2	226	230	229	228	0	208	
1	2	2	3	255	238	232	228	0	209	
0	1	2	7	130	172	166	210	0	210	
0	1	1	0	115	141	185	188	0	211	
1	2	1	0	228	198	205	188	0	212	
1	2	4	7	255	225	222	196	0	213	
0	2	5	9	255	239	224	213	0	214	
0	2	4	6	231	231	227	218	0	215	
0	2	3	6	233	231	225	219	0	216	
0	2	3	5	216	226	223	220	0	217	
0	1	3	4	255	223	231	224	0	218	
0	2	2	7	255	239	237	229	0	219	
0	2	3	7	249	246	242	233	0	220	
0	1	3	5	255	251	245	237	0	221	
0	2	3	6	255	252	247	240	0	222	
0	2	3	6	255	252	248	242	0	223	
0	2	3	6	255	252	248	243	0	224	
0	2	3	5	255	252	222	243	0	225	
0	2	3	5	169	203	210	230	0	226	
0	1	1	0	199	201	199	220	0	227	
0	1	2	3	186	191	193	201	0	228	
0	1	2	4	195	190	185	193	0	229	
0	2	3	3	179	182	150	170	0	230	
0	1	3	0	137	125	143	158	0	231	
0	1	1	2	179	136	150	155	0	232	
1	1	2	7	103	157	133	143	0	233	
0	2	4	1	157	123	141	143	0	234	
0	1	2	5	191	171	157	150	0	235	
1	1	3	8	192	183	170	159	0	236	
1	2	4	7	230	208	190	173	0	237	
1	2	4	9	156	173	178	172	0	238	
0	2	2	3	64	113	141	155	0	239	
0	1	0	0	109	111	125	140	0	240	
0	1	2	2	96	101	111	126	0	241	
0	1	2	3	108	107	109	119	0	242	
0	1	3	9	182	150	132	126	0	243	
1	2	4	11	228	194	166	146	0	244	
1	2	5	11	233	212	189	165	0	245	
1	2	5	4	168	185	185	171	0	246	
0	1	3	5	185	183	183	175	0	247	
0	1	3	0	50	104	138	153	0	249	
0	1	0	0	55	78	105	130	0	250	
0	1	1	0	0	34	66	98	0	251	
0	1	1	1	27	34	49	76	0	252	
1	1	2	6	93	69	60	71	0	253	
1	2	4	8	124	101	82	78	0	254	
0	2	4	7	111	103	91	84	0	255	
0	2	4	7	131	119	106	94	0	0	
0	1	1	0	0	52	74	81	0	1	
0	1	1	0	0	26	49	65	0	2	
1	2	3	6	69	48	49	59	0	3	
