0	1	4	9	129	104	90	76	0	153	
0	1	3	4	70	80	83	78	0	154	
0	1	1	0	10	43	60	67	0	156	
0	1	2	2	21	30	44	56	0	157	
0	1	2	1	0	14	28	43	0	158	
0	2	2	2	0	8	19	33	0	159	
0	2	3	3	3	4	11	24	0	160	
0	2	3	4	7	6	9	18	0	161	
0	2	3	6	33	22	16	19	0	162	
1	1	3	5	24	20	17	18	0	163	
0	2	2	3	11	22	21	20	0	164	
0	1	5	10	91	61	43	32	0	165	
0	2	3	4	28	39	39	34	0	166	
1	2	2	2	2	23	31	32	0	167	
0	2	4	8	82	58	47	40	0	168	
0	1	5	13	163	116	86	63	0	169	
0	2	4	8	117	110	96	77	0	171	
0	1	2	3	83	101	99	86	0	172	
0	1	4	8	137	118	109	96	0	173	
0	1	2	1	44	71	86	88	0	174	
1	1	1	0	0	34	36	72	0	175	
0	2	2	0	0	16	22	55	0	176	
1	2	2	1	0	7	33	40	0	177	
1	2	4	8	74	41	44	38	0	178	
1	2	3	5	60	53	68	55	0	179	
0	2	4	9	114	88	114	84	0	180	
0	2	5	14	195	150	152	115	0	181	
0	1	5	13	183	185	169	138	0	182	
0	0	4	8	187	185	176	153	0	183	
0	1	3	8	120	184	155	150	0	184	
0	1	2	3	56	141	123	135	0	186	
0	1	0	0	73	82	101	118	0	187	
0	2	2	1	34	55	75	97	0	188	
0	2	1	0	56	58	66	83	0	189	
0	2	4	2	101	82	93	80	0	190	
0	1	4	6	131	109	92	87	0	191	
0	2	3	8	95	95	84	88	0	192	
0	2	2	5	63	79	95	85	0	193	
0	1	3	6	117	103	100	94	0	194	
0	2	3	6	113	107	94	93	0	195	
0	2	2	3	79	90	98	95	0	196	
0	2	3	5	142	102	112	103	0	197	
0	1	4	8	151	124	123	112	0	198	
0	1	4	8	72	135	105	106	0	199	
0	1	2	2	169	94	129	118	0	200	
0	1	3	8	88	102	111	111	0	201	
0	1	3	3	8	50	76	92	0	202	
0	1	1	0	5	29	51	72	0	203	
1	2	3	0	41	36	49	59	0	204	
0	2	3	3	58	53	59	56	0	205	
0	1	4	4	94	69	42	57	0	206	
1	2	2	8	0	31	50	49	0	207	
0	2	3	5	61	54	63	57	0	208	
0	2	4	8	99	75	86	71	0	209	
0	2	4	9	126	105	110	89	0	210	
1	2	4	9	153	130	128	106	0	211	
0	2	4	8	217	144	159	131	0	212	
0	2	5	12	246	185	192	159	0	213	
0	2	5	12	255	219	214	182	0	214	
0	1	4	11	145	188	198	186	0	215	
0	2	1	1	181	180	188	184	0	216	
0	1	3	5	105	134	157	168	0	217	
0	1	0	0	49	87	118	143	0	218	
0	1	3	0	120	108	114	130	0	219	
0	2	2	4	84	91	99	115	0	220	
0	2	3	2	123	109	104	111	0	221	
0	2	4	8	172	145	126	119	0	222	
0	2	4	8	180	166	147	132	0	223	
0	1	4	10	213	189	169	149	0	224	
0	1	2	2	119	145	153	147	0	225	
0	1	1	0	44	85	114	128	0	227	
1	2	1	0	39	68	90	110	0	228	
0	1	4	8	139	106	99	106	0	229	
0	2	2	2	65	79	85	95	0	230	
1	2	3	6	111	98	93	95	0	231	
1	3	4	8	147	130	113	104	0	232	
0	2	6	15	255	198	160	132	0	233	
0	1	5	12	240	215	187	156	0	234	
0	1	2	4	161	187	185	167	0	235	
0	1	3	4	163	170	176	168	0	236	
0	1	1	0	68	113	140	152	0	237	
0	1	2	3	123	121	131	142	0	238	
0	1	2	1	90	102	114	128	0	239	
1	2	2	2	84	89	99	114	0	240	
1	2	2	1	59	74	85	100	0	242	
0	1	4	9	172	133	112	108	0	243	
0	1	4	9	173	150	131	118	0	244	
0	1	3	4	115	128	127	121	0	245	
0	1	1	0	61	89	100	111	0	246	
0	1	2	2	90	95	79	106	0	247	
1	1	2	2	55	65	52	91	0	248	
0	2	1	0	0	30	49	72	0	249	
0	1	2	3	46	44	54	59	0	250	
0	2	3	5	71	58	56	58	0	251	
1	2	3	5	66	60	41	49	0	252	
1	2	2	0	65	30	52	52	0	253	
0	2	3	5	93	58	65	58	0	254	
0	2	4	8	167	77	101	80	0	255	
0	2	5	12	152	129	120	97	0	1	
1	2	4	9	148	147	134	114	0	2	
0	1	3	7	231	198	170	140	0	3	
0	1	5	12	243	220	196	165	0	4	
0	1	3	12	162	180	183	170	0	5	
0	1	2	5	169	180	155	174	0	6	
1	2	2	3	111	135	143	162	0	7	
1	2	2	1	123	132	142	152	0	8	
0	2	3	5	150	141	165	156	0	9	
0	2	4	9	214	184	194	174	0	10	
0	2	5	11	255	221	216	192	0	11	
0	1	4	10	255	237	230	208	0	12	
0	1	4	8	170	246	210	205	0	13	
0	1	2	2	125	198	182	191	0	14	
0	1	1	0	111	159	154	172	0	15	
0	1	1	0	69	92	119	145	0	16	
0	1	1	0	66	79	97	123	0	17	
0	1	1	0	104	93	94	111	0	18	
0	1	2	4	75	79	70	98	0	19	
1	2	2	2	49	60	81	84	0	20	
0	2	3	1	101	89	99	84	0	21	
0	2	4	5	144	115	107	92	0	22	
1	1	3	6	121	116	120	108	0	23	
0	2	3	6	131	130	144	125	0	24	
0	2	5	11	200	165	161	141	0	25	
0	2	3	7	222	176	182	159	0	26	
0	1	4	10	157	200	173	162	0	27	
0	1	3	4	94	170	145	151	0	28	
0	1	1	0	86	124	124	137	0	29	
0	1	1	0	47	68	92	114	0	30	
1	1	1	0	92	89	92	105	0	31	
0	2	2	2	163	129	112	110	0	32	
0	2	4	9	151	138	124	116	0	33	
0	1	3	7	120	128	125	119	0	34	
1	2	4	4	183	167	149	134	0	35	
0	2	5	8	255	214	184	157	0	36	
0	1	4	11	245	224	203	177	0	37	
0	2	2	3	176	200	200	185	0	38	
0	2	3	7	224	214	208	194	0	39	
0	2	3	5	204	205	205	197	0	40	
0	1	3	6	209	205	204	199	0	42	
0	1	3	5	207	207	205	200	0	43	
0	1	2	2	169	184	192	194	0	44	
0	1	3	4	179	179	184	188	0	45	
0	2	2	3	169	176	179	183	0	46	
0	1	3	6	200	186	182	182	0	47	
0	1	2	3	159	169	173	176	0	48	
0	1	3	4	163	164	168	171	0	49	
0	2	2	1	130	146	155	162	0	50	
0	2	4	7	197	175	166	165	0	51	
0	2	4	7	200	187	176	169	0	52	
0	2	4	7	216	202	189	178	0	53	
0	2	3	5	178	185	185	179	0	54	
0	1	3	7	234	217	203	190	0	55	
0	1	3	5	191	192	194	189	0	57	
0	1	1	0	103	140	163	174	0	58	
0	1	1	0	83	109	133	153	0	59	
0	1	0	0	0	48	85	119	0	60	
1	2	1	0	0	23	45	88	0	61	
1	2	2	2	38	37	67	70	0	62	
1	3	5	9	121	84	96	71	0	63	
0	2	4	10	148	122	150	85	0	64	
0	2	6	15	249	195	190	150	0	65	
0	1	5	14	255	226	214	178	0	66	
0	1	4	11	250	238	218	193	0	67	
0	1	3	8	160	224	203	195	0	68	
0	1	1	1	191	192	195	193	0	69	
1	2	3	5	117	189	168	178	0	70	
1	2	1	0	162	147	164	172	0	72	
0	2	2	3	237	201	184	178	0	73	
0	2	4	9	224	210	197	186	0	74	
0	1	4	8	217	210	202	192	0	75	
0	1	3	7	221	218	202	199	0	76	
0	2	3	6	191	199	183	198	0	77	
0	2	2	4	145	169	195	189	0	78	
0	2	3	1	224	203	209	192	0	79	
0	2	4	8	243	223	223	209	0	80	
0	1	4	8	255	238	232	218	0	81	
0	1	3	7	255	244	227	220	0	82	
0	1	2	3	166	225	203	209	0	83	
0	1	2	2	142	186	181	194	0	84	
0	1	1	0	123	164	156	175	0	85	
0	1	2	0	91	138	130	153	0	86	
0	2	1	0	104	107	117	136	0	87	
0	2	2	1	127	119	117	128	0	88	
0	1	3	4	145	132	124	127	0	89	
0	2	3	6	125	131	131	126	0	90	
0	1	4	4	150	136	126	128	0	91	
0	2	2	7	118	124	139	126	0	92	
0	2	3	3	167	149	163	132	0	93	
0	2	4	9	208	183	184	147	0	94	
0	2	4	10	224	204	200	164	0	95	
0	1	4	9	229	216	195	179	0	96	
0	2	2	4	208	193	200	184	0	97	
0	2	3	6	208	204	199	190	0	98	
0	1	3	6	94	201	164	192	0	99	
0	1	1	0	122	139	143	176	0	100	
0	0	2	1	1	55	93	159	0	101	
0	1	0	0	0	30	60	126	0	102	
0	1	1	0	39	33	45	95	0	103	
0	1	2	3	28	30	36	73	0	104	
0	1	2	2	0	13	23	57	0	105	
1	2	2	1	0	10	17	42	0	106	
1	2	5	2	122	80	53	32	0	107	
0	2	5	11	143	113	85	45	0	108	
0	2	5	11	167	142	116	65	0	109	
0	2	4	11	197	174	147	89	0	110	
0	2	4	9	181	176	161	116	0	111	
0	1	3	7	174	175	168	135	0	113	
0	1	3	6	167	169	168	149	0	114	
0	1	1	0	98	126	144	155	0	115	
0	1	1	0	69	93	115	147	0	116	
0	1	2	1	76	84	98	130	0	117	
0	1	2	1	63	70	82	114	0	118	
0	2	2	0	32	47	62	98	0	119	
0	1	3	5	76	61	61	81	0	120	
0	2	1	0	0	27	41	72	0	121	
0	1	4	7	108	79	64	57	0	122	
0	2	3	4	47	53	55	62	0	123	
0	2	2	2	24	38	46	58	0	124	
0	2	3	5	61	53	50	52	0	125	
0	2	3	5	69	63	57	51	0	126	
0	1	4	9	130	102	82	54	0	128	
0	2	3	6	90	90	85	68	0	129	
0	2	2	4	77	88	87	75	0	130	
0	1	4	7	123	109	99	80	0	131	
0	2	3	6	104	102	102	88	0	132	
0	2	3	4	97	104	117	92	0	133	
0	1	4	8	146	129	134	96	0	134	
0	1	4	9	173	150	131	106	0	135	
0	1	2	4	119	131	97	119	0	136	
0	2	1	0	37	73	71	107	0	137	
0	1	1	0	27	49	50	89	0	138	
0	1	2	0	50	32	44	70	0	139	
0	1	3	4	0	40	29	59	0	140	
1	3	2	0	0	17	18	45	0	141	
0	2	2	1	30	8	26	34	0	143	
0	2	3	3	154	95	64	32	0	144	
0	2	6	14	78	82	72	49	0	145	
0	1	3	6	123	108	92	59	0	146	
0	2	4	8	128	118	111	75	0	147	
0	1	3	8	114	116	128	88	0	148	
0	1	4	6	162	141	113	97	0	149	
1	1	2	9	86	105	101	111	0	150	
0	2	2	2	82	91	105	109	0	151	
0	2	2	3	98	106	116	104	0	152	
0	1	4	9	154	127	127	110	0	153	
0	1	3	6	107	137	118	117	0	154	
0	2	3	4	77	115	107	116	0	155	
0	1	2	1	130	98	111	111	0	156	
0	2	3	6	47	114	89	110	0	157	
0	1	2	0	116	98	94	98	0	158	
0	1	3	6	67	77	84	97	0	159	
0	2	2	2	77	79	81	89	0	160	
0	2	3	3	110	100	105	85	0	161	
0	2	4	6	132	117	112	89	0	162	
0	2	3	7	127	120	123	96	0	163	
0	2	3	6	139	133	126	103	0	164	
0	1	3	6	131	130	123	112	0	165	
0	1	2	4	115	122	123	119	0	166	
0	2	3	5	124	124	149	120	0	167	
0	1	4	10	133	170	143	134	0	168	
0	1	3	4	119	143	136	136	0	169	
0	1	2	3	86	131	116	134	0	170	
0	1	2	1	75	102	101	124	0	171	
0	1	2	1	67	78	88	112	0	172	
0	2	2	1	123	99	94	100	0	173	
0	1	4	7	90	90	90	98	0	174	
0	2	3	4	137	121	108	94	0	175	
1	2	4	7	170	149	130	101	0	176	
0	2	5	9	228	190	163	115	0	177	
0	1	3	12	185	184	172	137	0	178	
0	2	2	2	127	154	161	152	0	179	
0	1	3	5	163	158	159	153	0	180	
0	1	2	1	107	126	140	155	0	181	
0	1	2	2	107	116	127	145	0	182	
0	1	2	1	86	98	110	136	0	184	
1	2	2	2	95	103	107	122	0	185	
0	1	5	9	170	135	122	115	0	186	
0	2	3	4	122	126	122	119	0	187	
0	2	4	9	189	162	144	119	0	188	
0	1	3	4	129	139	139	132	0	189	
0	2	3	5	145	146	143	133	0	190	
0	1	3	7	175	161	152	137	0	191	
0	1	3	5	151	153	151	143	0	192	
0	2	3	5	163	158	154	145	0	193	
0	2	2	3	130	142	147	149	0	194	
0	1	3	6	174	162	155	146	0	195	
0	0	3	7	176	167	160	150	0	196	
0	1	2	2	110	127	139	154	0	197	
0	1	0	0	20	70	101	144	0	199	
0	1	2	1	40	50	72	121	0	200	
0	1	1	0	0	22	45	97	0	201	
0	1	2	0	0	10	27	73	0	202	
1	2	2	1	0	4	9	52	0	203	
0	2	3	2	0	2	24	37	0	204	
0	1	4	6	54	36	35	26	0	205	
0	2	4	8	70	46	32	28	0	206	
1	2	2	2	0	28	44	31	0	207	
1	2	4	8	75	54	71	38	0	208	
1	2	4	9	114	91	102	54	0	209	
0	2	5	11	202	128	140	77	0	210	
0	2	5	12	213	172	167	107	0	211	
0	1	5	12	255	191	199	134	0	212	
0	1	4	12	255	226	220	163	0	214	
0	2	4	10	190	210	213	188	0	215	
0	1	2	4	235	227	221	196	0	216	
0	1	3	7	214	217	218	206	0	217	
0	1	2	5	197	204	201	209	0	218	
0	2	2	4	189	195	199	207	0	219	
0	1	3	3	201	199	192	202	0	220	
0	1	3	5	194	189	177	200	0	221	
0	1	2	1	148	167	159	194	0	222	
0	2	2	1	132	146	133	171	0	223	
0	2	1	0	90	114	147	152	0	224	
0	1	4	7	139	156	142	151	0	225	
0	2	3	4	145	143	142	146	0	226	
0	2	3	4	172	143	152	143	0	227	
0	2	3	6	180	161	160	147	0	228	
1	1	4	7	162	162	160	153	0	229	
0	2	3	5	155	163	162	155	0	230	
0	2	2	4	254	211	189	157	0	231	
0	1	3	12	204	201	189	172	0	232	
0	1	2	7	174	187	164	180	0	233	
0	1	2	3	128	147	139	182	0	234	
0	1	1	1	102	120	111	171	0	235	
0	1	1	0	62	88	99	154	0	236	
0	1	2	2	92	89	93	133	0	237	
0	2	2	3	90	90	94	117	0	238	
0	1	3	5	85	96	88	106	0	239	
1	2	3	3	122	86	102	101	0	240	
1	3	3	6	248	112	151	94	0	241	
0	2	6	15	209	190	172	99	0	242	
0	2	4	10	189	192	182	125	0	243	
0	1	3	7	171	178	178	146	0	244	
0	1	3	5	92	129	150	161	0	245	
0	2	3	0	186	164	159	167	0	246	
0	1	2	7	80	108	128	156	0	247	
0	1	1	0	53	76	99	158	0	248	
0	1	1	0	0	34	63	141	0	249	
0	2	3	3	61	53	59	120	0	250	
0	1	3	6	85	68	63	92	0	251	
1	2	3	3	65	70	66	78	0	252	
1	2	5	11	153	117	94	72	0	253	
0	2	5	11	187	154	126	70	0	255	
0	1	3	7	149	147	135	83	0	0	
0	1	2	4	113	125	128	104	0	1	
1	2	1	0	47	84	104	117	0	2	
0	2	5	13	223	166	140	120	0	3	
0	1	3	5	137	141	138	110	0	4	
0	1	2	2	106	121	127	126	0	5	
0	2	3	4	134	131	130	129	0	6	
0	1	3	6	156	145	138	126	0	7	
0	2	3	4	118	127	130	132	0	8	
0	1	3	5	146	140	136	129	0	9	
0	1	3	5	144	138	136	132	0	10	
1	2	2	3	121	129	131	133	0	11	
1	2	3	4	132	131	131	131	0	12	
0	1	4	10	215	182	160	130	0	14	
0	1	5	11	235	205	182	145	0	15	
0	2	2	2	133	164	170	162	0	16	
0	1	2	3	147	155	162	163	0	17	
0	1	3	6	182	168	130	160	0	18	
0	2	1	0	74	108	101	162	0	19	
0	1	1	0	44	76	104	144	0	20	
0	1	3	6	129	105	86	123	0	21	
0	1	2	1	61	76	73	115	0	22	
0	2	2	1	52	63	65	87	0	23	
1	2	2	2	56	59	42	77	0	24	
0	2	2	0	69	26	52	60	0	25	
0	2	3	5	107	57	67	58	0	26	
0	2	4	8	80	81	74	63	0	27	
0	1	3	5	124	82	90	68	0	29	
0	1	4	8	90	95	92	79	0	30	
0	2	3	5	87	89	90	84	0	31	
0	2	3	5	28	59	73	85	0	32	
0	2	4	0	115	91	86	78	0	33	
1	2	3	7	94	91	107	81	0	34	
1	2	4	5	142	123	137	83	0	35	
0	2	4	8	190	162	173	95	0	36	
0	1	5	12	237	204	203	115	0	37	
0	1	5	12	255	230	197	169	0	38	
0	0	2	5	176	196	180	178	0	39	
0	1	2	2	42	168	132	176	0	40	
0	1	0	0	71	95	107	152	0	41	
0	1	1	0	78	84	88	130	0	42	
1	1	2	2	39	75	69	110	0	43	
0	2	2	0	91	81	77	90	0	44	
0	2	3	4	141	111	94	86	0	45	
0	2	4	9	121	115	104	90	0	46	
0	2	4	6	162	143	137	97	0	47	
0	1	4	9	162	150	131	110	0	48	
0	1	2	8	120	130	127	122	0	49	
0	1	2	4	117	124	93	124	0	50	
1	1	1	0	35	70	71	124	0	51	
1	2	1	0	24	50	91	107	0	52	
0	2	4	9	147	106	106	89	0	53	
0	2	4	8	158	121	126	92	0	54	
0	2	4	8	156	144	137	99	0	55	
0	2	4	7	195	149	157	112	0	56	
0	2	4	9	199	174	174	123	0	57	
0	1	4	8	126	147	156	138	0	58	
0	1	2	3	105	129	141	154	0	59	
0	1	1	0	124	124	132	151	0	60	
0	1	3	3	128	125	128	145	0	61	
0	1	2	4	64	84	101	138	0	62	
0	1	1	0	24	52	74	132	0	63	
1	2	3	0	101	88	84	116	0	64	
0	1	4	6	91	81	80	95	0	65	
0	1	1	0	6	38	55	91	0	66	
1	2	2	1	19	33	44	85	0	67	
1	2	4	8	108	79	64	70	0	68	
1	2	5	10	153	122	95	58	0	70	
0	2	5	11	188	159	130	63	0	71	
0	1	5	11	198	177	154	80	0	72	
1	2	2	5	156	172	164	104	0	73	
0	1	5	12	241	208	188	126	0	74	
0	2	2	4	164	181	182	142	0	75	
0	2	3	6	193	189	186	162	0	76	
0	1	3	4	169	174	178	169	0	77	
0	1	1	0	64	109	138	175	0	78	
0	1	2	2	100	105	120	154	0	79	
0	1	2	3	101	98	107	138	0	80	
0	2	3	3	102	98	101	123	0	81	
1	2	2	3	89	93	96	113	0	82	
0	2	4	7	142	124	112	105	0	83	
1	2	5	10	190	160	138	109	0	85	
0	2	4	9	203	187	164	123	0	86	
0	2	5	12	255	223	195	142	0	87	
0	1	4	10	255	239	218	167	0	88	
1	1	4	9	255	244	191	189	0	89	
0	2	1	0	118	164	192	205	0	90	
0	1	1	3	175	187	181	193	0	91	
1	0	3	6	183	175	136	192	0	92	
1	2	0	0	58	104	88	185	0	93	
1	2	0	0	0	49	119	124	0	94	
0	2	5	12	197	138	156	125	0	95	
0	2	5	13	255	189	191	141	0	96	
0	2	5	13	255	223	215	164	0	97	
0	1	4	10	255	239	231	187	0	98	
0	1	4	9	246	247	236	205	0	100	
0	1	3	7	188	211	221	216	0	101	
0	0	2	2	163	179	197	215	0	102	
0	1	2	1	86	127	158	204	0	103	
1	1	0	0	0	57	61	180	0	104	
0	2	1	0	0	27	44	140	0	105	
0	2	2	0	16	27	57	103	0	106	
1	2	4	0	108	69	57	77	0	107	
1	3	3	4	58	61	84	70	0	108	
0	2	4	9	129	104	141	76	0	109	
0	2	7	17	255	187	183	109	0	110	
0	2	5	13	255	221	212	143	0	111	
0	1	4	11	229	239	220	173	0	112	
0	1	3	8	129	230	191	192	0	113	
0	1	1	0	88	170	154	187	0	114	
0	1	1	0	130	127	140	169	0	115	
0	1	2	3	17	61	94	154	0	116	
0	1	0	0	9	33	61	124	0	117	
0	1	2	0	7	20	32	94	0	118	
0	2	2	0	22	24	30	69	0	119	
1	2	3	2	33	30	41	53	0	120	
1	3	3	4	59	49	88	44	0	121	
1	3	6	14	180	125	140	44	0	122	
0	2	6	15	229	184	183	68	0	123	
0	2	5	14	255	221	211	103	0	124	
0	1	4	12	168	238	200	140	0	125	
0	1	2	4	134	195	177	171	0	126	
0	1	1	1	104	159	152	180	0	127	
0	1	1	0	95	131	126	175	0	128	
0	1	2	1	61	79	100	162	0	129	
0	1	1	0	33	54	74	143	0	130	
0	1	1	0	7	24	46	122	0	131	
0	1	2	0	0	11	28	99	0	132	
0	2	4	0	65	42	36	74	0	133	
0	2	3	6	55	47	41	53	0	134	
0	2	3	5	51	50	45	47	0	135	
0	2	4	7	96	79	64	45	0	136	
1	3	4	10	149	123	97	46	0	137	
0	2	6	17	255	195	151	56	0	138	
0	2	4	11	208	196	173	76	0	139	
0	2	4	12	255	229	204	113	0	141	
0	1	3	6	201	210	205	139	0	142	
0	1	2	5	200	206	205	168	0	143	
0	1	2	3	166	180	190	182	0	144	
0	0	0	0	64	109	144	190	0	145	
0	1	0	0	1	52	93	187	0	146	
0	1	1	0	0	24	56	163	0	147	
0	1	2	0	0	10	32	128	0	148	
0	2	2	1	0	4	18	94	0	149	
1	2	3	2	0	1	9	45	0	150	
1	3	4	8	75	47	31	31	0	151	
0	2	5	13	160	115	78	34	0	152	
0	2	6	16	224	172	128	58	0	153	
0	1	4	10	180	173	151	92	0	154	
0	2	3	7	171	174	163	118	0	156	
0	1	2	2	103	133	145	137	0	157	
0	1	3	7	179	159	154	137	0	158	
0	1	2	3	122	135	142	144	0	159	
0	1	2	2	101	116	110	141	0	160	
0	2	2	1	82	97	114	133	0	161	
0	1	3	5	129	116	116	121	0	162	
0	1	3	6	133	120	101	118	0	163	
0	2	2	1	68	91	93	116	0	164	
0	1	2	3	82	87	107	100	0	165	
0	1	4	7	138	117	118	104	0	166	
0	1	4	7	120	129	119	110	0	167	
0	1	3	5	118	122	119	113	0	168	
0	1	3	4	125	121	120	115	0	169	
0	2	3	5	67	122	101	117	0	171	
0	2	2	1	71	81	90	107	0	172	
0	2	2	2	127	108	100	99	0	173	
0	1	3	6	136	121	111	100	0	174	
1	1	3	7	116	110	74	105	0	175	
0	2	0	6	0	49	63	105	0	176	
0	1	1	0	24	49	74	88	0	177	
0	1	5	0	129	84	51	77	0	178	
1	2	1	0	0	36	56	76	0	179	
1	2	3	5	66	58	71	61	0	180	
0	2	4	7	100	84	122	67	0	181	
0	2	6	14	234	161	162	95	0	182	
0	1	5	14	189	199	175	126	0	183	
0	2	4	8	168	190	179	146	0	184	
0	2	2	5	199	183	185	160	0	185	
0	1	3	7	193	189	186	170	0	186	
0	1	3	6	139	159	170	175	0	187	
0	1	2	2	155	154	161	170	0	188	
0	1	1	4	57	97	104	165	0	189	
0	1	2	0	82	87	66	143	0	190	
0	1	1	1	0	38	59	124	0	191	
0	2	2	0	54	51	55	95	0	192	
1	2	3	4	56	53	71	80	0	193	
0	2	4	7	104	84	98	69	0	194	
0	2	5	10	154	122	92	71	0	195	
0	1	3	4	41	92	74	85	0	196	
1	2	2	1	130	61	95	86	0	197	
0	2	3	7	135	108	105	79	0	198	
0	1	4	8	72	117	96	88	0	199	
1	2	2	2	148	92	116	95	0	200	
0	2	3	7	219	129	150	94	0	201	
0	2	5	12	207	178	172	105	0	202	
0	2	4	9	194	193	179	127	0	203	
0	1	2	8	138	189	169	147	0	204	
0	1	2	2	108	162	147	160	0	205	
0	1	2	1	114	130	132	161	0	206	
0	1	2	0	72	120	108	152	0	207	
1	2	2	3	117	90	111	141	0	208	
0	1	5	10	187	112	131	124	0	209	
0	1	2	3	107	149	123	119	0	210	
0	1	1	0	29	121	88	125	0	212	
0	2	1	0	0	64	58	123	0	213	
1	2	3	5	86	33	64	103	0	214	
0	2	4	8	124	66	82	82	0	215	
1	2	4	9	151	98	106	75	0	216	
1	2	4	10	189	127	138	80	0	217	
0	2	5	14	255	165	179	93	0	218	
0	2	4	11	255	214	208	115	0	219	
0	1	4	10	255	235	225	145	0	220	
0	0	3	6	221	243	226	195	0	221	
0	1	2	1	159	230	202	206	0	222	
0	1	0	0	77	185	160	200	0	223	
0	1	2	1	107	126	135	178	0	224	
0	2	1	0	77	114	111	157	0	225	
0	1	3	4	120	93	110	135	0	227	
0	1	3	4	102	109	102	124	0	228	
0	2	2	1	65	99	87	113	0	229	
0	1	3	5	123	79	101	100	0	230	
0	2	3	5	96	111	91	102	0	231	
0	1	2	3	83	94	94	97	0	232	
0	2	3	6	112	88	96	94	0	233	
0	1	3	4	99	98	105	94	0	234	
0	2	3	6	126	99	106	94	0	235	
0	1	3	5	109	114	107	101	0	236	
0	2	3	4	107	108	104	104	0	237	
0	1	3	4	96	110	101	103	0	238	
0	1	3	4	119	103	103	101	0	239	
1	2	3	6	36	99	82	102	0	240	
0	2	1	0	57	107	74	90	0	242	
0	2	2	2	181	66	106	83	0	243	
0	2	5	12	153	131	124	96	0	244	
0	2	4	8	178	141	144	109	0	245	
0	1	4	9	224	162	178	125	0	246	
0	2	3	11	181	196	178	147	0	247	
0	2	2	6	170	186	202	159	0	248	
0	1	4	5	255	179	193	166	0	249	
0	1	3	4	179	221	171	182	0	250	
0	2	1	0	125	191	156	175	0	251	
0	2	2	2	133	154	156	165	0	252	
0	1	3	5	189	143	164	161	0	253	
0	1	4	7	143	156	156	162	0	254	
0	2	2	3	139	172	149	157	0	255	
0	2	2	3	172	152	157	153	0	0	
0	1	3	5	158	145	156	155	0	1	
0	2	3	5	134	157	146	154	0	2	
0	1	3	3	166	141	151	149	0	3	
0	1	2	6	113	155	134	149	0	4	
0	1	3	2	133	128	121	142	0	5	
0	1	2	4	106	131	115	137	0	6	
0	1	2	2	107	114	76	129	0	7	
0	1	1	0	0	110	48	122	0	8	
0	1	1	0	0	48	29	98	0	9	
0	1	2	0	0	24	17	74	0	10	
0	1	2	1	0	11	9	54	0	11	
1	2	3	2	60	5	28	38	0	12	
1	3	4	6	158	2	74	27	0	13	
1	3	6	13	255	41	137	30	0	14	
0	2	7	19	217	110	167	54	0	15	
0	2	5	13	244	197	201	95	0	16	
0	2	4	11	252	229	220	127	0	17	
0	1	2	10	200	238	218	160	0	18	
0	2	3	5	222	218	220	185	0	19	
0	2	3	6	229	221	222	197	0	20	
0	1	3	6	226	224	222	205	0	21	
0	2	2	2	186	223	213	211	0	22	
0	1	3	4	185	207	197	214	0	23	
0	1	0	0	63	187	150	211	0	24	
0	1	1	0	76	114	122	202	0	25	
0	1	3	4	124	97	116	174	0	27	
0	2	3	4	113	111	111	149	0	28	
1	2	3	5	136	110	119	134	0	29	
0	2	4	9	190	127	142	124	0	30	
0	2	4	9	202	162	162	122	0	31	
0	1	3	6	167	181	164	133	0	32	
0	1	2	2	125	169	153	146	0	33	
0	1	3	4	137	146	144	153	0	34	
0	1	2	0	83	138	119	151	0	35	
1	2	1	0	48	102	94	131	0	36	
0	2	3	4	99	74	92	113	0	37	
0	2	4	7	141	90	105	104	0	38	
0	2	4	8	163	117	125	106	0	39	
0	2	4	10	192	143	149	115	0	40	
0	2	4	9	202	169	168	131	0	42	
0	2	3	6	183	186	176	147	0	43	
0	1	3	8	215	185	192	159	0	44	
0	1	4	8	217	206	199	174	0	45	
0	1	2	2	145	207	163	183	0	46	
0	1	2	1	130	170	143	179	0	47	
0	1	2	1	114	149	140	170	0	48	
0	1	3	3	141	128	124	156	0	49	
0	1	2	2	104	137	118	148	0	50	
0	1	2	2	108	115	109	127	0	51	
0	1	3	3	102	113	104	118	0	52	
0	1	3	3	75	104	92	111	0	53	
0	1	2	2	42	102	73	101	0	54	
0	1	2	0	0	85	47	87	0	55	
0	1	1	0	0	59	30	68	0	57	
0	1	2	0	0	27	18	50	0	58	
0	2	2	1	0	6	10	37	0	59	
1	2	3	2	0	3	6	26	0	60	
0	3	4	3	63	1	72	18	0	61	
0	2	5	8	155	37	122	23	0	62	
0	2	6	13	219	108	147	49	0	63	
0	1	4	16	178	166	150	84	0	64	
0	2	3	6	145	171	157	112	0	65	
0	2	3	6	163	155	178	139	0	66	
0	1	4	9	215	162	179	157	0	67	
1	1	3	7	144	194	168	165	0	68	
0	2	2	3	159	184	167	164	0	69	
0	1	2	4	201	160	175	164	0	70	
0	1	4	7	159	165	169	168	0	71	
1	1	3	4	136	182	154	167	0	72	
0	2	2	3	96	144	137	159	0	73	
0	1	1	0	179	123	144	148	0	74	
1	2	3	8	145	150	162	146	0	75	
1	2	3	4	192	147	190	145	0	76	
0	2	5	7	244	176	212	153	0	77	
0	1	4	11	255	214	198	170	0	78	
0	1	2	3	170	234	183	189	0	79	
0	1	2	2	156	192	134	190	0	80	
0	0	0	0	47	172	85	184	0	81	
0	1	0	0	0	97	51	157	0	82	
0	1	1	0	39	45	42	122	0	83	
0	2	2	3	61	21	45	89	0	84	
0	2	3	5	107	34	64	69	0	85	
1	2	4	8	165	48	102	59	0	86	
0	2	5	11	208	133	138	63	0	87	
0	2	5	13	154	170	146	84	0	88	
0	1	2	7	104	157	136	109	0	89	
0	2	3	2	159	130	143	124	0	90	
0	1	2	6	83	148	120	128	0	91	
0	1	1	1	67	105	101	134	0	92	
0	2	3	3	92	86	94	125	0	93	
1	2	3	6	132	88	107	113	0	94	
0	2	4	9	162	116	123	104	0	95	
0	2	3	5	123	139	123	106	0	96	
0	2	3	8	176	126	143	114	0	98	
0	1	4	8	176	159	153	117	0	99	
0	1	2	4	135	165	148	130	0	100	
0	1	1	0	68	146	121	139	0	101	
1	1	1	0	43	101	90	141	0	102	
0	2	1	0	9	67	63	129	0	103	
0	2	3	5	79	40	60	109	0	104	
1	2	3	5	88	58	69	87	0	105	
1	2	4	7	104	76	81	75	0	106	
0	2	5	10	167	92	111	77	0	107	
0	2	4	10	180	136	136	94	0	108	
0	1	4	9	190	159	157	113	0	109	
0	1	4	11	244	176	188	133	0	110	
0	1	3	4	159	215	180	158	0	111	
0	2	1	0	92	178	150	165	0	113	
0	1	1	0	101	127	135	154	0	114	
0	2	3	6	154	121	135	144	0	115	
0	1	2	2	109	136	128	140	0	116	
0	2	3	6	154	123	132	133	0	117	
0	2	3	4	127	139	147	133	0	118	
0	1	4	8	179	133	155	132	0	119	
0	1	4	8	178	159	147	139	0	120	
0	1	2	3	130	165	131	146	0	121	
0	1	2	1	100	143	125	136	0	122	
0	2	2	3	119	119	117	130	0	123	
0	2	3	4	98	120	110	123	0	124	
0	1	2	3	179	113	131	116	0	125	
0	1	4	9	189	105	149	124	0	126	
0	2	4	9	130	147	141	136	0	128	
0	1	3	4	70	167	119	136	0	129	
0	1	1	0	144	102	123	126	0	130	
0	1	3	6	118	125	116	125	0	131	
1	2	2	4	81	114	103	120	0	132	
0	2	3	1	103	97	117	112	0	133	
0	2	3	4	142	102	145	108	0	134	
0	1	5	7	200	127	147	113	0	135	
0	1	3	6	153	169	138	128	0	136	
0	1	2	2	114	154	122	134	0	137	
0	1	2	2	94	132	114	127	0	138	
0	2	2	3	106	110	110	120	0	139	
0	1	3	3	122	108	111	115	0	140	
0	1	3	5	54	107	89	113	0	141	
0	2	2	1	54	113	74	100	0	142	
0	1	2	1	127	76	90	87	0	143	
0	1	3	7	74	101	84	90	0	144	
1	1	3	3	73	83	79	86	0	145	
0	2	2	3	50	77	96	82	0	146	
0	2	4	2	156	60	87	75	0	147	
1	2	3	10	74	117	109	87	0	148	
0	2	3	4	137	85	115	85	0	149	
0	1	4	9	145	123	91	97	0	150	
0	2	1	0	28	125	99	104	0	151	
1	2	3	7	122	74	130	96	0	152	
0	3	4	9	255	103	171	98	0	153	
0	2	6	14	237	153	197	114	0	154	
0	2	4	11	245	207	218	141	0	155	
0	2	4	9	241	221	227	166	0	156	
0	2	4	8	250	238	232	188	0	157	
0	1	3	8	201	237	223	204	0	158	
0	1	2	3	123	239	187	214	0	159	
0	1	1	0	124	218	163	216	0	160	
0	1	2	0	99	161	135	199	0	161	
0	1	2	0	85	143	112	181	0	162	
1	2	2	0	95	114	106	158	0	163	
0	2	4	7	152	95	117	136	0	164	
0	1	3	4	117	100	115	122	0	165	
0	1	2	3	98	127	109	121	0	166	
0	2	3	3	101	118	105	117	0	167	
0	1	4	7	151	106	118	113	0	169	
0	1	3	4	114	104	115	109	0	170	
0	1	2	2	86	128	105	113	0	171	
0	1	2	2	75	116	92	113	0	172	
0	2	2	2	81	99	91	108	0	173	
0	2	5	12	201	83	125	99	0	174	
1	1	3	6	129	89	126	96	0	175	
0	2	3	4	133	151	133	111	0	176	
0	2	5	13	246	132	167	116	0	177	
0	2	3	5	159	139	168	145	0	178	
0	1	3	7	194	195	178	153	0	179	
0	1	3	7	196	172	183	164	0	180	
0	1	2	2	139	187	168	171	0	181	
0	1	2	1	111	188	146	167	0	182	
0	2	0	0	28	159	103	155	0	184	
0	1	1	0	0	129	65	128	0	185	
0	2	3	6	100	71	70	97	0	186	
1	2	2	1	32	33	56	87	0	187	
0	2	5	10	147	72	116	72	0	188	
0	2	5	11	175	48	148	81	0	189	
0	1	5	11	201	107	150	98	0	190	
0	1	3	6	143	144	144	122	0	191	
0	1	3	5	136	175	142	132	0	192	
0	2	2	4	138	155	113	138	0	193	
0	2	1	0	65	142	93	123	0	194	
0	2	1	0	101	141	91	109	0	195	
0	1	3	4	127	93	101	101	0	196	
0	1	3	6	149	76	115	102	0	197	
0	2	4	8	11	89	80	108	0	199	
0	2	1	0	55	110	71	92	0	200	
0	2	2	2	94	128	77	82	0	201	
0	2	3	5	70	62	73	81	0	202	
0	2	3	4	111	81	112	77	0	203	
0	2	4	6	161	73	122	82	0	204	
0	2	3	10	135	97	143	96	0	205	
0	1	4	7	182	133	149	107	0	206	
0	1	3	6	159	132	135	123	0	207	
1	1	2	3	109	160	122	132	0	208	
0	2	2	1	95	157	125	126	0	209	
0	2	3	5	200	127	149	125	0	210	
0	2	4	10	148	112	149	137	0	211	
0	2	3	5	182	126	161	141	0	212	
0	2	3	7	223	168	180	150	0	213	
0	1	4	10	195	153	186	163	0	214	
0	1	3	6	154	171	175	172	0	215	
0	1	2	3	156	194	167	171	0	216	
0	1	2	3	115	169	121	168	0	217	
0	1	1	1	80	161	82	156	0	218	
0	1	1	0	14	134	70	138	0	219	
0	2	2	0	60	101	66	110	0	220	
0	1	3	4	74	51	52	92	0	221	
0	1	2	2	35	59	46	81	0	222	
1	1	2	1	31	65	43	67	0	223	
0	2	2	2	87	43	51	58	0	224	
1	1	4	8	67	41	63	51	0	225	
0	2	3	4	123	40	81	52	0	226	
1	2	4	9	156	60	111	58	0	227	
1	2	4	10	213	71	148	69	0	228	
0	2	5	13	255	97	186	89	0	229	
0	2	5	14	226	179	203	117	0	230	
0	1	3	9	197	220	202	149	0	231	
0	1	2	6	185	219	197	171	0	232	
0	1	1	4	111	204	166	183	0	233	
0	1	2	0	143	193	156	187	0	234	
0	1	2	2	113	143	136	173	0	235	
1	2	2	2	128	146	136	165	0	236	
0	2	5	11	230	122	162	149	0	237	
0	2	3	6	185	134	170	143	0	238	
0	1	3	7	198	184	179	153	0	240	
0	1	2	3	157	181	172	160	0	241	
0	2	3	5	174	188	173	168	0	242	
0	1	3	7	195	170	176	168	0	243	
0	1	2	1	122	173	159	169	0	244	
0	1	2	1	111	181	139	171	0	245	
0	2	1	0	34	147	103	163	0	246	
0	1	3	4	102	125	95	150	0	247	
0	1	2	0	45	75	74	126	0	248	
0	1	1	0	0	88	48	93	0	249	
0	1	3	4	61	60	51	72	0	250	
0	2	3	2	14	27	35	64	0	251	
1	2	2	1	9	52	28	50	0	252	
0	2	3	6	62	25	40	40	0	253	
0	2	5	11	141	20	73	42	0	255	
1	2	4	9	140	48	99	58	0	0	
1	2	4	8	144	99	120	78	0	1	
0	2	5	14	236	123	161	97	0	2	
1	1	4	11	218	138	187	127	0	3	
0	2	3	7	192	193	179	151	0	4	
0	1	2	2	146	203	196	165	0	5	
0	1	4	10	244	193	168	169	0	6	
0	2	1	0	117	172	132	181	0	7	
0	2	0	0	66	209	101	150	0	8	
0	2	1	0	47	150	115	126	0	9	
0	1	4	7	132	104	118	123	0	10	
0	2	3	6	127	75	120	120	0	11	
0	2	3	5	110	124	117	120	0	12	
0	2	3	4	161	124	131	118	0	14	
0	1	4	7	174	124	147	124	0	15	
0	1	4	8	192	116	160	135	0	16	
0	1	4	9	161	161	163	146	0	17	
0	1	2	5	107	174	99	152	0	18	
0	2	0	2	22	167	85	144	0	19	
0	1	2	0	63	128	80	120	0	20	
1	1	3	1	90	67	55	104	0	21	
1	2	2	0	13	71	54	93	0	22	
0	2	2	2	45	78	89	66	0	23	
0	2	5	12	167	38	127	80	0	24	
0	2	5	12	186	51	150	102	0	25	
0	2	4	10	211	117	175	124	0	26	
0	1	4	10	215	159	189	147	0	27	
0	1	4	9	157	173	180	165	0	28	
0	1	2	4	160	196	173	169	0	29	
1	2	2	4	163	203	170	169	0	30	
0	2	2	4	198	168	179	168	0	31	
0	1	4	6	232	167	176	173	0	32	
0	1	2	9	152	187	146	182	0	33	
0	1	0	3	81	209	117	176	0	34	
0	1	2	0	86	167	95	160	0	35	
0	1	1	0	54	122	65	138	0	36	
0	1	2	0	30	95	41	117	0	37	
0	1	1	0	0	76	32	92	0	38	
1	2	3	2	66	44	42	68	0	39	
0	2	3	6	153	20	79	53	0	40	
0	2	5	11	126	24	95	50	0	41	
0	2	4	9	123	49	109	66	0	42	
0	2	3	6	193	108	139	79	0	43	
0	2	5	11	219	112	169	92	0	44	
0	2	4	11	222	121	188	114	0	45	
0	1	2	10	167	163	185	139	0	46	
0	2	3	4	217	194	197	161	0	47	
0	1	3	7	201	207	197	169	0	48	
0	1	3	6	182	184	189	181	0	49	
0	1	2	2	158	207	178	186	0	50	
0	1	1	0	97	200	148	185	0	51	
0	1	3	4	164	185	151	180	0	52	
0	1	3	3	130	170	140	163	0	53	
0	1	2	3	124	126	132	158	0	55	
0	1	2	0	73	152	109	148	0	56	
1	2	3	4	120	135	112	140	0	57	
0	2	4	7	150	127	122	124	0	58	
0	1	3	6	147	94	129	119	0	59	
0	1	3	4	125	113	127	121	0	60	
0	1	2	2	98	131	118	124	0	61	
0	1	1	0	28	138	85	124	0	62	
0	1	2	3	90	128	88	120	0	63	
0	1	4	6	104	112	88	96	0	64	
0	1	2	1	49	61	75	92	0	65	
1	2	3	3	55	87	63	83	0	66	
1	2	2	1	41	91	57	73	0	67	
0	1	4	9	134	66	83	66	0	68	
0	1	5	10	157	55	105	76	0	70	
0	1	2	2	70	52	96	89	0	71	
0	2	3	4	82	101	91	91	0	72	
1	2	3	4	91	126	90	90	0	73	
0	2	3	7	140	93	135	89	0	74	
1	2	5	11	193	87	149	99	0	75	
0	2	4	8	174	89	173	116	0	76	
0	1	4	8	204	123	194	130	0	77	
0	1	4	11	240	158	195	150	0	78	
0	1	3	5	188	163	186	179	0	79	
0	1	3	4	174	191	153	179	0	80	
0	1	1	0	42	215	110	164	0	81	
0	2	1	0	11	199	72	136	0	82	
1	2	1	0	0	180	43	105	0	83	
1	2	1	0	66	128	48	77	0	85	
1	2	3	4	127	77	73	65	0	86	
0	2	4	9	156	41	102	71	0	87	
0	2	5	10	195	18	137	87	0	88	
0	1	4	11	201	93	162	111	0	89	
0	1	3	10	163	129	136	134	0	90	
0	1	1	7	72	167	123	144	0	91	
1	1	2	0	104	186	116	137	0	92	
1	2	2	3	112	166	103	129	0	93	
1	2	2	1	78	116	119	113	0	94	
0	2	4	8	157	111	139	116	0	95	
0	2	4	8	216	110	165	127	0	96	
0	2	5	11	196	94	178	145	0	97	
0	1	4	8	177	130	177	159	0	98	
0	1	3	6	49	157	134	165	0	99	
0	1	0	0	92	187	115	146	0	100	
0	1	2	2	0	191	74	131	0	101	
0	2	1	0	20	179	53	102	0	102	
0	2	3	0	74	97	57	80	0	103	
0	2	3	5	70	42	76	70	0	104	
0	2	3	5	105	35	103	64	0	105	
0	2	5	6	155	57	117	71	0	106	
0	1	4	8	142	60	105	87	0	107	
0	2	2	2	73	91	130	100	0	108	
0	2	4	9	179	127	134	100	0	109	
0	1	3	6	112	131	127	115	0	110	
0	1	2	3	92	98	115	122	0	111	
0	2	2	2	175	148	135	123	0	112	
0	2	4	8	181	142	150	118	0	113	
0	2	4	8	204	124	170	127	0	114	
0	2	4	9	168	106	169	137	0	115	
0	1	3	6	86	149	140	152	0	116	
0	1	1	0	84	164	119	157	0	117	
0	1	2	0	85	187	105	146	0	118	
0	1	3	1	105	172	100	132	0	119	
0	2	2	4	91	120	95	119	0	120	
1	2	3	6	131	102	107	110	0	121	
0	2	4	8	158	94	122	103	0	122	
0	2	4	9	189	97	146	105	0	123	
0	1	4	11	218	93	170	114	0	124	
0	1	3	6	169	116	170	129	0	126	
0	1	1	1	112	137	154	148	0	127	
0	1	3	5	149	166	148	156	0	128	
0	1	2	2	110	192	133	152	0	129	
0	2	2	2	113	175	126	149	0	130	
0	1	3	6	148	141	130	140	0	131	
0	2	2	3	113	144	123	133	0	132	
0	1	3	5	136	123	125	131	0	133	
0	1	2	3	104	120	115	126	0	134	
1	2	1	0	0	134	77	119	0	135	
0	1	1	0	0	120	50	97	0	136	
0	2	4	8	104	128	60	75	0	137	
1	2	2	2	29	111	48	69	0	138	
0	2	4	7	101	49	67	59	0	139	
1	2	5	11	158	24	98	64	0	141	
0	2	5	11	191	66	133	81	0	142	
0	1	5	13	232	42	169	106	0	143	
0	1	5	12	251	80	198	135	0	144	
0	1	2	4	163	124	154	163	0	145	
1	2	1	0	88	164	125	172	0	146	
0	2	1	0	69	199	143	159	0	147	
0	1	4	9	196	225	149	141	0	148	
0	2	3	7	170	187	126	144	0	149	
1	3	1	0	82	127	123	134	0	150	
0	1	2	3	122	99	139	129	0	151	
0	1	3	6	255	155	173	134	0	152	
0	2	6	13	130	157	158	153	0	153	
0	2	2	3	107	112	144	152	0	154	
0	2	1	0	168	120	151	147	0	156	
0	1	3	6	190	150	162	148	0	157	
0	1	4	7	153	202	156	154	0	158	
0	1	3	5	99	152	138	153	0	159	
0	2	1	0	24	133	74	144	0	160	
0	1	1	0	33	172	67	119	0	161	
1	1	3	0	77	155	44	98	0	162	
1	2	1	4	0	125	28	84	0	163	
0	3	2	0	0	66	51	64	0	164	
1	2	4	8	98	53	98	52	0	165	
1	2	6	14	192	63	112	76	0	166	
0	2	4	8	248	27	161	92	0	167	
0	1	5	15	252	13	194	126	0	168	
0	1	5	13	167	67	190	156	0	169	
0	1	2	4	175	137	185	168	0	170	
0	1	3	5	114	129	162	173	0	171	
0	1	1	0	136	199	148	165	0	172	
0	1	2	3	65	224	117	156	0	173	
1	2	2	0	86	191	122	135	0	174	
0	2	4	1	168	144	154	120	0	175	
0	2	5	8	217	137	164	122	0	176	
0	2	4	11	185	93	166	138	0	177	
0	1	3	5	169	91	134	149	0	178	
0	1	1	0	68	136	137	155	0	179	
0	2	3	4	144	181	130	142	0	180	
0	1	3	5	10	177	88	140	0	181	
1	1	0	0	70	170	82	134	0	182	
1	2	2	2	170	111	109	109	0	183	
0	2	5	10	180	136	132	98	0	184	
0	1	4	10	97	128	119	105	0	185	
0	1	2	3	26	58	91	118	0	186	
0	2	1	0	117	74	97	116	0	187	
0	2	3	6	117	129	100	102	0	188	
0	1	2	6	68	154	87	100	0	189	
0	2	3	2	112	115	96	100	0	190	
0	2	3	5	104	70	96	93	0	191	
0	1	3	5	106	99	99	95	0	192	
1	2	2	4	103	105	106	95	0	193	
0	1	5	12	204	81	134	96	0	194	
0	2	3	4	127	103	135	101	0	195	
1	2	3	7	179	99	155	117	0	197	
0	2	4	10	210	102	172	124	0	198	
0	2	4	11	252	111	200	138	0	199	
0	1	4	10	255	158	220	153	0	200	
0	2	2	4	200	140	219	175	0	201	
0	1	4	8	246	169	225	194	0	202	
0	1	2	3	186	189	212	203	0	203	
1	1	2	3	182	224	199	211	0	204	
0	1	2	2	170	239	188	208	0	205	
0	0	4	9	242	220	200	194	0	206	
0	0	2	1	149	232	180	197	0	207	
0	2	0	0	39	203	128	187	0	208	
0	1	0	0	0	190	81	155	0	209	
0	1	4	9	153	180	98	119	0	210	
0	2	1	0	0	211	65	113	0	212	
1	2	1	0	0	170	42	88	0	213	
1	3	3	6	77	89	51	67	0	214	
1	2	5	10	150	42	87	62	0	215	
0	2	7	17	255	108	178	76	0	216	
0	2	5	13	235	22	206	110	0	217	
0	2	4	10	242	57	223	140	0	218	
0	1	4	10	251	114	231	169	0	219	
0	1	3	7	239	191	231	192	0	220	
0	1	3	6	228	211	213	216	0	221	
0	1	2	2	180	230	194	211	0	222	
0	2	2	2	111	240	162	201	0	223	
0	1	1	0	80	239	132	180	0	224	
0	1	1	0	124	232	122	156	0	225	
0	1	3	3	50	200	93	140	0	227	
0	1	1	0	48	179	74	117	0	228	
0	2	2	0	39	139	57	97	0	229	
0	1	2	1	52	107	55	79	0	230	
0	1	3	2	27	114	28	69	0	231	
0	1	2	2	0	59	18	56	0	232	
0	2	2	0	0	45	11	43	0	233	
0	2	3	2	0	53	7	32	0	234	
0	1	3	3	0	33	4	24	0	235	
0	1	3	4	0	16	7	13	0	236	
1	2	3	4	9	8	5	12	0	237	
0	3	3	4	84	4	39	10	0	238	
0	2	4	9	157	2	78	26	0	239	
0	2	6	14	175	1	115	51	0	240	
0	2	5	12	170	8	138	81	0	241	
0	2	4	10	240	3	176	106	0	242	
0	1	5	13	167	61	174	138	0	243	
0	1	3	6	71	111	141	151	0	244	
0	1	2	0	90	146	84	142	0	245	
0	1	1	2	28	206	61	128	0	246	
0	1	2	0	33	177	46	106	0	247	
0	1	2	0	26	116	45	84	0	248	
1	2	3	3	49	98	56	67	0	249	
1	2	3	6	79	58	98	58	0	250	
0	2	5	12	173	41	137	58	0	251	
0	2	5	14	167	33	151	79	0	252	
1	2	3	8	186	44	169	106	0	253	
0	2	3	7	255	65	198	125	0	254	
0	2	5	12	255	130	218	145	0	255	
0	2	4	10	255	171	232	169	0	0	
0	1	3	8	161	167	211	190	0	1	
0	1	1	1	161	183	192	207	0	2	
0	1	2	2	126	222	162	205	0	3	
0	0	0	1	15	238	109	196	0	4	
0	1	0	0	0	246	68	177	0	5	
0	1	2	0	31	197	48	143	0	6	
0	1	2	1	25	176	35	107	0	7	
0	1	3	2	37	139	33	80	0	8	
0	2	2	3	0	69	22	60	0	9	
0	2	3	1	59	32	35	49	0	10	
0	2	4	6	104	31	57	37	0	12	
0	1	3	9	85	25	67	38	0	13	
0	2	3	6	75	32	72	48	0	14	
1	3	5	5	186	13	116	57	0	15	
0	2	6	12	255	44	164	64	0	16	
0	2	4	16	240	75	194	90	0	17	
0	2	4	12	248	79	217	125	0	18	
0	2	3	10	244	78	229	156	0	19	
0	1	3	8	255	147	237	182	0	20	
0	1	1	8	159	205	210	215	0	21	
0	1	1	1	147	223	189	208	0	22	
0	1	2	0	176	237	180	197	0	23	
0	1	2	4	134	241	161	188	0	24	
0	1	2	1	158	245	157	173	0	25	
0	1	2	3	130	192	146	165	0	27	
0	1	2	2	85	170	122	155	0	28	
0	1	1	0	55	172	97	138	0	29	
0	1	3	0	132	148	106	118	0	30	
0	2	3	5	92	154	86	114	0	31	
0	2	2	3	63	106	106	105	0	32	
1	1	4	1	149	78	108	96	0	33	
0	2	3	8	117	112	123	102	0	34	
0	1	3	5	141	95	152	104	0	35	
0	1	5	6	216	79	157	132	0	36	
0	1	3	12	167	120	139	142	0	37	
0	2	1	7	120	114	130	138	0	38	
0	2	2	1	87	135	115	133	0	39	
0	1	2	3	177	176	133	123	0	40	
0	1	4	1	151	166	138	129	0	42	
0	1	3	8	128	126	135	132	0	43	
0	2	2	6	122	123	128	132	0	44	
0	1	3	4	83	103	114	129	0	45	
0	1	4	4	176	146	108	121	0	46	
0	1	2	1	70	136	85	126	0	47	
0	1	1	8	41	124	70	115	0	48	
1	2	2	1	52	103	67	100	0	49	
0	3	3	0	72	143	81	85	0	50	
0	2	3	4	103	95	127	80	0	51	
0	1	6	5	225	67	137	104	0	52	
0	2	4	15	164	58	150	118	0	53	
0	1	3	7	151	64	150	132	0	54	
0	2	3	7	135	91	146	138	0	55	
0	1	2	6	151	165	144	140	0	56	
0	1	3	4	131	151	138	141	0	57	
0	2	2	6	139	161	138	138	0	58	
0	1	2	4	150	151	139	138	0	59	
0	2	2	4	118	144	147	138	0	60	
0	2	3	5	177	134	145	134	0	61	
0	1	3	3	151	139	129	140	0	62	
0	2	1	7	92	142	133	141	0	63	
0	2	3	5	147	129	146	133	0	64	
0	2	3	5	173	158	170	133	0	65	
0	2	4	7	215	148	189	139	0	66	
0	2	4	9	210	117	196	154	0	67	
0	1	3	9	157	135	186	169	0	68	
0	1	2	7	132	157	166	180	0	69	
0	1	2	2	97	191	138	180	0	70	
0	0	1	1	0	207	89	171	0	71	
0	1	0	0	34	206	70	153	0	72	
0	2	1	0	82	179	66	121	0	73	
0	1	2	0	19	151	48	98	0	74	
0	2	3	5	90	117	63	84	0	75	
0	1	4	1	84	52	67	67	0	76	
0	1	3	6	74	52	69	67	0	77	
0	2	3	6	59	63	67	67	0	78	
0	2	4	5	141	37	93	68	0	79	
0	2	4	3	149	74	112	67	0	80	
0	2	4	9	177	73	135	81	0	81	
0	1	4	9	209	73	161	95	0	83	
0	1	3	10	154	67	159	114	0	84	
0	2	2	11	154	113	161	135	0	85	
0	2	3	5	190	129	171	144	0	86	
0	1	3	4	191	156	175	151	0	87	
0	1	2	7	117	183	156	159	0	88	
0	2	2	7	165	162	159	165	0	89	
0	2	4	1	234	162	181	158	0	90	
0	1	3	4	202	179	190	158	0	91	
0	0	3	10	204	181	194	178	0	92	
0	1	1	6	85	142	154	183	0	93	
0	1	0	6	2	160	108	165	0	94	
0	1	3	0	108	200	99	136	0	95	
0	1	2	0	66	201	83	119	0	96	
0	2	2	6	79	199	79	102	0	98	
0	1	2	3	70	126	76	92	0	99	
0	2	3	4	85	69	74	85	0	100	
0	1	3	3	86	90	81	79	0	101	
0	1	3	5	79	73	81	81	0	102	
0	1	3	4	88	74	88	79	0	103	
0	2	3	4	103	75	74	80	0	104	
0	2	2	5	44	86	102	83	0	105	
0	1	4	6	155	79	122	78	0	106	
0	2	4	1	164	84	113	105	0	107	
0	1	2	9	92	94	122	106	0	108	
0	2	3	10	141	65	127	113	0	109	
0	1	3	3	159	123	140	119	0	110	
0	1	3	6	151	141	144	128	0	111	
0	1	3	6	124	110	137	134	0	113	
0	1	2	6	97	128	123	134	0	114	
0	2	2	6	118	133	119	127	0	115	
0	1	3	4	108	150	114	123	0	116	
0	2	3	2	139	150	123	118	0	117	
0	2	3	4	133	113	132	119	0	118	
0	1	3	3	149	116	137	120	0	119	
0	2	3	6	154	111	150	125	0	120	
0	1	3	5	157	125	162	130	0	121	
0	2	4	6	195	128	163	149	0	122	
0	2	3	5	162	140	171	154	0	123	
0	2	3	9	225	144	190	161	0	124	
0	1	4	5	255	159	211	174	0	125	
0	1	4	6	217	174	215	190	0	126	
0	1	3	8	169	166	198	200	0	127	
0	1	2	10	140	178	177	196	0	128	
0	0	1	6	109	206	149	185	0	129	
0	1	1	3	32	231	107	166	0	130	
0	1	1	1	1	222	62	137	0	131	
0	2	2	0	64	160	74	103	0	132	
0	2	4	0	110	128	76	85	0	133	
0	2	3	0	81	75	89	82	0	134	
0	2	4	3	117	34	113	79	0	135	
0	2	4	7	154	55	132	85	0	136	
0	2	4	7	163	85	144	98	0	137	
0	2	4	9	178	81	159	114	0	138	
0	2	3	8	227	101	182	127	0	139	
0	2	4	8	185	132	184	141	0	140	
0	1	3	7	119	150	162	159	0	141	
0	1	2	10	66	156	128	168	0	142	
0	1	1	6	123	170	120	162	0	143	
0	1	2	1	16	202	84	143	0	144	
0	1	2	0	49	189	67	132	0	145	
0	1	1	4	0	147	42	107	0	146	
0	2	2	0	0	101	26	89	0	147	
0	2	4	1	85	112	46	67	0	148	
0	1	4	0	84	58	57	49	0	149	
1	2	3	0	67	54	66	50	0	150	
1	2	5	7	186	23	106	54	0	151	
1	2	5	7	206	11	143	60	0	152	
0	2	5	5	255	59	184	83	0	154	
0	2	4	13	255	69	212	111	0	155	
0	1	3	13	195	73	206	145	0	156	
0	1	1	14	119	138	180	174	0	157	
0	1	1	11	91	175	144	185	0	158	
1	2	0	6	50	219	112	179	0	159	
0	2	3	0	137	237	117	159	0	160	
0	2	3	0	133	205	118	136	0	161	
0	2	3	0	150	159	128	128	0	162	
0	2	4	6	206	116	155	126	0	163	
0	1	5	6	242	85	185	140	0	164	
0	1	4	6	219	118	197	161	0	165	
0	1	2	10	146	122	184	175	0	166	
0	2	3	11	161	138	173	177	0	167	
0	2	1	8	118	177	157	173	0	169	
0	1	3	2	188	212	163	164	0	170	
0	1	3	4	170	211	163	164	0	171	
0	1	2	0	100	176	140	162	0	172	
0	1	1	7	45	165	72	149	0	173	
0	1	1	5	26	168	62	127	0	174	
0	1	2	0	53	166	47	100	0	175	
0	1	2	0	31	125	30	83	0	176	
1	3	2	0	0	79	19	66	0	177	
0	2	2	2	0	46	66	37	0	178	
0	1	4	2	136	52	97	55	0	179	
0	1	6	0	115	37	107	75	0	180	
1	3	4	1	100	16	106	88	0	181	
1	2	3	9	123	8	117	95	0	182	
0	1	3	13	255	98	162	105	0	184	
0	2	6	7	187	126	168	133	0	185	
0	2	4	5	89	118	147	146	0	186	
0	1	1	6	188	108	158	144	0	187	
0	2	3	15	159	124	158	150	0	188	
0	2	3	9	164	179	161	151	0	189	
0	2	3	0	170	132	180	154	0	190	
0	2	4	8	217	165	198	156	0	191	
0	1	4	5	232	156	206	167	0	192	
0	1	3	5	223	161	203	190	0	193	
0	1	2	6	192	165	193	194	0	194	
0	1	2	9	176	196	184	191	0	195	
0	0	3	7	83	214	146	186	0	196	
0	1	1	4	0	216	94	164	0	197	
0	2	0	3	19	203	65	129	0	198	
0	1	1	4	64	186	57	99	0	199	
0	1	3	0	52	178	51	81	0	200	
0	2	3	0	62	119	55	68	0	201	
1	2	4	0	140	54	115	63	0	202	
0	1	5	4	179	50	110	75	0	203	
0	1	3	3	95	49	95	94	0	204	
0	1	2	4	61	59	94	99	0	205	
0	2	2	10	89	107	87	95	0	206	
0	1	3	12	88	142	70	95	0	207	
0	2	2	4	35	111	80	90	0	208	
1	2	3	3	177	85	113	80	0	209	
1	2	5	5	225	92	151	81	0	210	
0	2	5	0	152	84	156	97	0	211	
0	1	3	6	128	58	147	123	0	212	
0	1	2	11	97	85	131	136	0	213	
0	1	2	13	87	139	111	138	0	214	
0	1	2	6	30	183	83	133	0	215	
0	1	2	4	72	164	76	120	0	216	
0	2	3	1	111	142	86	101	0	217	
0	1	3	2	79	118	80	90	0	218	
0	2	2	0	81	96	83	89	0	219	
1	2	5	3	187	61	118	84	0	220	
1	2	4	6	179	69	139	84	0	221	
0	2	4	4	195	94	162	102	0	222	
1	2	5	11	246	79	191	118	0	223	
1	2	4	10	255	85	215	138	0	225	
0	1	4	9	241	145	223	162	0	226	
0	1	2	12	167	159	205	185	0	227	
0	1	1	10	141	182	185	200	0	228	
0	1	2	8	141	217	166	199	0	229	
0	1	1	2	89	236	135	190	0	230	
1	2	1	0	73	233	113	177	0	231	
1	2	4	2	202	194	140	155	0	232	
0	1	5	0	226	168	166	135	0	233	
0	1	3	0	169	152	169	152	0	234	
0	1	2	9	115	113	148	159	0	235	
0	1	2	11	125	95	144	150	0	236	
0	1	2	5	70	159	112	147	0	237	
0	1	0	2	0	191	73	128	0	238	
0	3	1	2	0	176	44	100	0	240	
1	2	3	1	59	134	51	74	0	241	
1	2	5	0	150	139	81	66	0	242	
1	2	5	0	199	90	123	75	0	243	
1	2	5	3	238	41	200	99	0	244	
0	2	5	11	255	53	222	131	0	245	
0	1	4	13	255	106	229	162	0	246	
0	1	3	13	243	159	205	188	0	247	
0	1	1	13	152	204	160	204	0	248	
0	1	0	10	77	231	121	178	0	249	
0	2	1	8	65	243	76	149	0	250	
1	2	0	1	0	238	45	113	0	251	
1	2	1	0	78	188	52	82	0	252	
0	2	3	0	95	123	64	70	0	253	
1	2	4	0	124	89	85	69	0	255	
0	1	4	0	184	39	119	78	0	0	
0	1	5	5	144	18	130	98	0	1	
0	2	3	7	92	55	116	111	0	2	
1	1	2	8	126	75	131	111	0	3	
0	1	4	12	157	147	101	118	0	4	
0	2	1	7	45	143	90	123	0	5	
1	2	2	3	66	108	115	110	0	6	
1	2	4	4	170	131	133	100	0	7	
0	2	4	8	172	138	145	120	0	8	
0	1	3	0	163	81	148	131	0	9	
0	1	3	9	74	79	123	137	0	10	
0	1	1	9	42	133	93	128	0	11	
0	1	1	7	18	150	65	109	0	12	
0	2	1	6	59	158	59	88	0	13	
0	2	3	0	69	153	59	75	0	14	
0	2	3	0	99	107	73	68	0	15	
0	2	3	0	109	69	85	71	0	16	
0	2	4	3	122	43	146	78	0	17	
1	2	5	5	233	60	139	88	0	18	
0	1	3	6	126	84	118	117	0	19	
0	1	1	7	65	97	109	123	0	20	
0	2	2	7	97	111	117	118	0	21	
0	2	3	14	136	183	131	113	0	22	
0	2	4	5	158	141	163	115	0	23	
1	2	4	3	255	101	194	123	0	24	
1	2	5	6	255	101	217	142	0	25	
0	2	4	7	255	122	231	166	0	26	
0	2	4	11	234	143	232	188	0	27	
0	1	3	12	171	188	209	206	0	28	
0	0	2	10	78	223	163	215	0	29	
0	0	0	9	1	239	104	208	0	30	
0	1	1	7	0	246	63	184	0	31	
0	1	1	2	0	235	36	144	0	32	
0	2	2	0	0	194	19	106	0	33	
0	2	3	0	44	127	25	74	0	34	
0	2	4	0	58	58	35	51	0	35	
1	2	4	0	112	27	61	41	0	36	
1	2	4	1	122	11	84	40	0	37	
1	2	4	5	150	4	109	52	0	38	
0	1	3	6	127	29	118	67	0	40	
0	1	2	9	83	45	104	87	0	41	
0	1	2	9	72	83	92	100	0	42	
0	2	2	9	93	105	94	99	0	43	
0	2	4	7	162	131	115	95	0	44	
1	2	4	3	183	128	139	95	0	45	
0	2	4	2	182	96	158	105	0	46	
1	1	4	3	221	83	180	121	0	47	
0	2	3	9	161	94	176	138	0	48	
0	1	3	9	189	132	182	163	0	49	
0	2	3	8	167	160	176	171	0	50	
0	2	2	10	127	175	159	171	0	51	
0	1	3	4	185	199	166	163	0	52	
0	1	3	6	171	176	165	164	0	53	
0	1	2	5	129	187	153	163	0	55	
0	1	2	1	115	172	138	157	0	56	
0	1	2	6	111	147	127	147	0	57	
0	2	3	5	123	170	122	136	0	58	
0	2	2	2	106	167	123	130	0	59	
0	2	3	2	147	128	133	122	0	60	
0	1	3	2	152	118	143	123	0	61	
0	1	3	4	163	120	127	128	0	62	
0	1	2	3	99	111	118	134	0	63	
0	1	2	6	99	131	119	123	0	64	
0	1	3	6	132	143	106	121	0	65	
0	2	2	7	82	152	94	113	0	66	
0	1	2	2	43	118	76	103	0	67	
0	2	2	2	90	111	77	90	0	68	
0	2	3	5	41	121	63	84	0	70	
0	2	2	2	82	98	71	74	0	71	
1	2	3	2	150	86	94	73	0	72	
0	2	5	0	138	63	113	84	0	73	
1	2	5	5	226	77	183	97	0	74	
1	1	5	1	234	75	202	124	0	75	
0	1	4	4	236	114	207	150	0	76	
0	1	3	10	207	129	199	173	0	77	
0	1	2	7	182	184	152	186	0	78	
0	1	0	13	66	210	132	168	0	79	
0	1	1	12	96	222	124	150	0	80	
0	2	3	10	119	213	117	138	0	81	
0	2	3	4	150	195	128	128	0	82	
0	1	3	0	179	117	143	129	0	83	
1	1	4	0	112	112	131	135	0	84	
0	1	2	4	162	118	142	131	0	85	
0	2	3	4	131	115	140	137	0	86	
0	1	2	6	156	137	142	137	0	87	
1	1	2	8	69	157	97	138	0	88	
0	2	1	3	63	150	128	125	0	89	
0	2	5	6	202	140	143	111	0	90	
1	2	4	4	177	145	145	121	0	91	
1	1	3	6	147	97	149	131	0	92	
0	2	3	0	153	82	181	136	0	93	
0	2	4	0	239	151	196	141	0	94	
0	1	4	11	164	159	189	161	0	95	
1	2	2	5	196	150	190	175	0	96	
0	1	3	5	184	152	187	179	0	97	
0	1	3	11	165	206	179	183	0	98	
0	2	2	10	202	213	186	183	0	99	
0	2	3	3	216	186	194	179	0	100	
0	2	4	6	212	192	200	182	0	101	
0	2	3	5	210	185	202	187	0	102	
0	1	2	3	170	174	191	192	0	103	
0	1	2	6	158	191	178	195	0	104	
0	1	2	7	130	204	159	191	0	105	
0	1	2	6	117	207	141	183	0	106	
0	1	1	6	74	207	114	170	0	107	
0	1	1	3	33	184	82	156	0	108	
0	1	1	2	0	168	51	134	0	109	
0	1	2	1	0	146	31	109	0	111	
0	1	2	0	0	128	17	81	0	112	
0	1	3	0	0	94	10	59	0	113	
0	2	3	0	0	58	5	41	0	114	
0	2	3	0	0	26	3	29	0	115	
0	3	5	1	96	12	38	20	0	116	
1	2	6	2	173	5	82	14	0	117	
0	2	4	3	129	2	104	28	0	118	
0	1	3	3	105	1	103	55	0	119	
0	1	2	10	89	0	104	87	0	120	
0	1	1	15	6	62	70	94	0	121	
0	2	1	9	0	120	45	80	0	122	
0	2	2	7	0	125	28	63	0	123	
0	2	3	3	53	107	35	47	0	124	
1	1	4	0	90	103	52	43	0	126	
0	1	3	0	49	46	51	48	0	127	
0	3	2	1	0	23	36	49	0	128	
0	2	2	5	35	11	47	42	0	129	
1	2	8	8	255	39	138	46	0	130	
0	2	4	4	174	54	177	80	0	131	
1	2	5	1	239	25	206	106	0	132	
0	2	5	2	255	51	226	139	0	133	
0	1	4	20	255	161	237	169	0	134	
0	1	3	11	255	165	244	211	0	135	
0	1	3	13	255	209	219	223	0	136	
0	1	2	12	133	233	190	217	0	137	
0	1	1	10	154	244	171	201	0	138	
0	1	2	8	64	249	131	186	0	139	
0	2	1	7	65	251	104	158	0	141	
0	2	1	1	73	203	89	132	0	142	
0	1	2	0	107	165	91	112	0	143	
0	1	3	2	122	156	98	103	0	144	
0	1	3	0	92	102	80	101	0	145	
0	2	2	0	60	78	53	98	0	146	
0	2	1	1	0	93	69	88	0	147	
1	1	4	5	118	106	61	71	0	148	
0	2	3	6	50	97	46	72	0	149	
0	2	2	3	14	71	70	56	0	150	
0	3	4	2	119	33	120	65	0	151	
1	2	5	0	249	80	166	93	0	152	
1	2	6	3	250	58	198	127	0	153	
0	2	5	1	233	35	213	159	0	154	
0	1	4	8	242	87	226	181	0	155	
0	1	3	13	205	159	220	200	0	156	
0	1	2	15	168	207	202	206	0	157	
0	1	2	12	134	228	177	201	0	158	
0	1	2	9	150	228	129	187	0	159	
0	1	1	8	78	218	105	175	0	160	
0	1	1	5	71	189	84	152	0	161	
0	2	1	2	47	157	68	129	0	162	
0	1	3	0	60	154	71	108	0	163	
0	2	2	2	70	105	82	89	0	164	
0	1	4	0	120	85	88	82	0	165	
1	2	3	0	135	67	105	83	0	166	
0	2	4	2	113	58	107	85	0	167	
0	1	3	2	86	72	102	95	0	168	
0	1	2	8	55	93	81	99	0	169	
0	1	2	4	14	95	59	99	0	170	
0	2	1	7	113	119	74	88	0	171	
0	2	4	6	59	112	66	74	0	172	
0	1	2	3	21	99	53	76	0	173	
0	2	6	2	221	67	113	70	0	174	
1	2	6	0	226	41	151	62	0	175	
1	2	5	7	251	84	190	90	0	176	
1	2	4	4	255	64	216	118	0	177	
0	2	4	1	255	43	232	151	0	178	
0	2	3	15	255	155	241	179	0	179	
0	1	3	14	255	187	244	201	0	180	
0	1	3	13	243	224	244	217	0	182	
0	1	2	11	201	240	227	227	0	183	
0	1	0	9	97	247	179	232	0	184	
0	2	2	8	145	250	166	226	0	185	
0	1	3	7	165	250	158	201	0	186	
0	1	2	5	126	245	143	185	0	187	
0	2	1	3	78	216	120	172	0	188	
0	1	3	0	124	143	114	157	0	189	
0	1	0	1	0	152	75	139	0	190	
0	1	1	5	0	154	47	101	0	191	
0	1	2	2	0	134	28	76	0	192	
0	2	2	0	0	103	16	55	0	193	
0	3	3	4	18	110	17	38	0	194	
1	2	5	0	146	48	61	31	0	195	
1	2	6	0	185	23	103	48	0	197	
0	2	3	0	106	11	108	75	0	198	
0	1	4	1	158	5	128	89	0	199	
0	0	4	3	199	16	152	106	0	200	
0	1	2	12	93	93	102	127	0	201	
0	2	0	14	38	118	80	125	0	202	
0	2	2	6	51	142	102	112	0	203	
1	2	3	9	145	173	140	96	0	204	
0	2	5	10	219	119	159	101	0	205	
0	1	4	2	191	79	171	137	0	206	
1	2	3	0	179	62	192	152	0	207	
0	1	5	1	199	116	197	170	0	208	
0	1	3	13	242	172	211	180	0	209	
0	1	4	9	176	178	199	193	0	210	
0	1	2	6	141	182	178	193	0	212	
0	1	2	11	141	212	163	183	0	213	
0	1	2	6	161	204	158	173	0	214	
0	1	3	9	148	224	151	165	0	215	
0	1	2	3	95	193	123	157	0	216	
0	1	3	1	127	151	88	144	0	217	
0	2	0	2	20	155	89	133	0	218	
0	2	2	4	92	147	88	111	0	219	
0	2	3	4	99	117	88	102	0	220	
0	2	3	0	94	118	106	92	0	221	
0	1	3	4	135	64	121	100	0	222	
0	1	4	0	94	87	111	109	0	223	
0	2	3	5	127	90	118	108	0	224	
0	2	3	5	217	90	150	113	0	225	
1	1	5	7	150	120	149	131	0	226	
0	1	3	8	118	135	140	137	0	227	
0	2	2	3	95	107	125	136	0	228	
0	1	2	5	172	123	137	129	0	229	
0	1	3	12	121	175	126	133	0	230	
0	1	2	6	112	134	119	129	0	231	
0	2	3	2	113	113	125	127	0	232	
0	1	3	1	147	146	126	122	0	233	
0	2	2	8	117	126	166	123	0	234	
0	2	5	4	253	124	175	124	0	235	
1	2	4	2	193	114	191	145	0	236	
1	2	3	4	210	131	197	157	0	237	
0	1	3	3	160	127	187	172	0	238	
0	1	2	14	184	198	183	182	0	239	
0	1	3	8	122	188	159	181	0	240	
0	1	2	7	55	204	120	181	0	241	
0	0	1	7	0	205	76	168	0	242	
0	1	0	3	0	180	46	143	0	243	
0	1	2	5	27	181	34	110	0	244	
0	1	2	1	0	142	20	80	0	245	
0	2	2	0	0	90	12	60	0	246	
0	3	3	0	46	41	26	43	0	247	
0	2	6	0	163	19	71	31	0	248	
1	2	5	2	160	23	104	31	0	249	
1	2	4	1	178	9	133	53	0	250	
1	2	3	2	163	4	147	77	0	251	
0	2	3	5	152	36	151	103	0	253	
0	1	4	14	192	107	165	122	0	254	
0	1	2	12	104	134	140	134	0	255	
0	2	1	11	102	158	131	147	0	0	
0	1	3	8	158	160	135	140	0	1	
0	2	2	6	106	156	124	135	0	2	
0	2	3	8	174	176	142	135	0	3	
1	1	4	2	196	125	158	128	0	4	
0	1	3	1	154	121	159	135	0	5	
1	1	5	7	255	138	190	150	0	6	
0	1	2	2	155	118	178	169	0	7	
0	1	1	7	101	155	154	170	0	8	
0	1	3	9	141	173	144	160	0	9	
0	1	2	4	88	163	121	152	0	10	
0	1	2	12	114	214	114	136	0	12	
0	1	1	3	3	174	75	125	0	13	
0	1	1	0	0	135	49	100	0	14	
0	2	3	4	24	137	34	76	0	15	
0	2	2	0	2	105	35	57	0	16	
0	2	3	3	57	47	62	43	0	17	
1	3	5	0	117	26	101	41	0	18	
1	2	5	0	169	22	152	53	0	19	
1	2	6	2	239	12	191	77	0	20	
0	2	5	1	255	43	217	148	0	21	
0	1	4	5	255	84	232	178	0	22	
0	1	3	10	245	134	237	201	0	23	
0	1	3	15	178	194	218	215	0	24	
0	1	2	14	139	226	192	212	0	25	
0	1	1	11	147	241	169	200	0	27	
0	1	2	9	47	248	124	184	0	28	
0	1	0	7	7	244	79	153	0	29	
0	1	1	2	75	204	74	117	0	30	
0	2	2	0	27	170	33	99	0	31	
0	3	2	2	0	89	47	76	0	32	
0	2	3	0	70	43	80	56	0	33	
1	2	6	0	154	67	82	55	0	34	
0	2	3	3	81	36	115	68	0	35	
0	1	4	2	170	18	156	94	0	36	
1	1	5	0	236	56	157	123	0	37	
0	1	3	5	116	107	147	136	0	38	
0	1	2	5	138	88	142	139	0	39	
0	1	3	10	130	139	135	139	0	40	
0	1	3	14	62	191	109	135	0	41	
0	1	1	6	44	163	84	121	0	42	
0	1	1	2	76	140	76	102	0	43	
0	1	3	5	0	137	49	90	0	44	
0	2	2	4	60	130	81	70	0	45	
0	1	5	0	148	64	64	66	0	46	
1	2	2	0	21	70	85	74	0	47	
0	2	4	3	121	30	122	67	0	48	
0	2	5	0	201	59	147	78	0	49	
1	2	4	3	177	102	172	99	0	50	
0	2	5	11	220	55	195	121	0	51	
1	2	4	1	247	100	213	144	0	52	
0	1	4	13	178	152	202	166	0	53	
0	1	2	9	179	170	198	186	0	54	
0	2	2	11	212	195	198	190	0	55	
0	1	3	9	120	214	170	192	0	56	
0	1	1	10	113	231	148	193	0	57	
0	1	1	4	149	196	144	179	0	58	
0	2	3	3	146	193	142	163	0	59	
0	1	2	7	118	200	131	154	0	60	
0	1	3	0	140	150	133	148	0	61	
0	1	3	0	127	130	130	139	0	62	
0	1	3	4	143	141	132	136	0	63	
0	1	2	4	83	142	114	133	0	64	
0	2	3	3	122	125	116	132	0	65	
0	2	3	4	128	135	119	122	0	66	
0	2	5	4	206	130	146	119	0	68	
1	1	3	5	155	136	148	119	0	69	
0	1	2	1	108	102	137	132	0	70	
0	2	1	4	58	117	111	138	0	71	
0	1	3	5	109	122	105	136	0	72	
0	1	2	11	57	168	86	122	0	73	
0	1	2	6	38	155	66	114	0	74	
0	2	2	1	31	130	53	99	0	75	
1	1	5	0	178	92	93	83	0	76	
1	2	4	4	147	99	110	84	0	77	
0	1	3	1	118	73	121	95	0	78	
1	1	5	0	214	51	150	107	0	79	
0	1	2	1	94	42	133	127	0	80	
0	2	2	12	102	123	120	126	0	81	
0	1	1	9	70	129	108	122	0	83	
1	1	4	5	167	130	121	115	0	84	
0	1	2	12	60	174	99	118	0	85	
0	2	1	2	19	124	69	107	0	86	
0	2	2	3	37	111	96	87	0	87	
1	1	5	0	181	131	110	76	0	88	
0	2	4	9	142	86	109	88	0	89	
1	2	2	1	92	47	143	98	0	90	
1	1	5	0	203	50	168	102	0	91	
0	1	5	0	221	124	186	143	0	92	
0	2	4	12	219	127	187	161	0	93	
0	1	3	8	197	110	192	171	0	94	
0	0	3	11	189	168	189	179	0	95	
0	1	3	12	85	192	151	181	0	96	
0	2	1	9	18	203	105	164	0	98	
0	1	0	5	89	191	94	134	0	99	
0	1	2	6	119	196	98	116	0	100	
0	2	3	5	76	189	87	108	0	101	
0	2	2	0	44	125	80	97	0	102	
0	2	3	0	98	83	100	85	0	103	
0	2	4	3	145	102	145	84	0	104	
1	1	5	6	231	82	165	92	0	105	
0	2	4	3	200	61	167	118	0	106	
0	2	2	1	153	85	175	150	0	107	
0	1	3	5	190	118	183	160	0	108	
0	1	3	9	190	181	188	170	0	109	
0	1	3	10	139	186	166	177	0	110	
0	1	2	4	86	171	141	168	0	111	
0	1	1	7	37	182	100	154	0	112	
0	1	1	7	24	191	68	126	0	113	
0	1	1	5	0	193	42	98	0	114	
0	2	1	3	7	153	29	72	0	115	
0	2	5	0	115	120	87	53	0	116	
1	2	5	0	152	43	103	57	0	117	
1	2	4	0	123	19	123	73	0	118	
0	1	4	0	160	16	113	87	0	119	
0	1	2	1	90	74	105	103	0	120	
0	2	2	9	78	116	123	105	0	121	
0	2	4	11	166	120	118	104	0	122	
1	2	3	7	127	140	122	113	0	123	
0	2	3	3	179	108	142	114	0	124	
0	2	4	1	255	98	179	117	0	125	
0	2	5	9	255	136	206	129	0	126	
1	2	4	4	216	118	210	153	0	127	
0	1	3	5	109	125	176	176	0	128	
0	1	1	8	108	157	153	189	0	129	
0	2	3	13	160	210	149	179	0	130	
0	1	1	11	49	232	110	165	0	131	
0	2	1	7	52	217	90	157	0	132	
0	2	4	0	141	153	101	132	0	133	
1	1	3	0	110	132	101	112	0	134	
0	1	2	5	84	145	95	109	0	135	
0	2	2	0	42	84	77	105	0	136	
0	1	4	0	126	72	91	100	0	137	
0	1	2	7	52	110	76	88	0	139	
0	2	3	5	78	104	77	90	0	140	
0	2	3	3	117	93	91	82	0	141	
0	2	4	1	171	64	118	80	0	142	
0	2	4	7	172	101	136	86	0	143	
0	1	4	2	178	68	152	102	0	144	
0	1	2	4	83	77	128	117	0	145	
0	1	1	7	67	102	105	132	0	146	
0	2	2	10	60	141	84	127	0	147	
0	2	1	9	0	154	54	99	0	148	
0	2	4	8	93	166	62	77	0	149	
0	2	4	1	113	113	80	72	0	150	
1	2	5	0	191	86	119	77	0	151	
0	2	4	1	169	67	138	98	0	152	
1	2	5	0	250	30	176	116	0	154	
0	1	4	6	240	67	205	144	0	155	
0	1	4	7	255	94	221	171	0	156	
0	0	2	12	156	151	202	192	0	157	
0	1	1	9	109	158	110	192	0	158	
0	1	0	14	0	231	83	177	0	159	
0	1	2	10	52	239	51	142	0	160	
0	1	1	10	2	190	30	115	0	161	
0	3	2	2	0	142	25	84	0	162	
0	3	3	0	25	64	50	46	0	163	
1	2	4	0	96	59	99	51	0	164	
1	2	6	1	229	25	150	76	0	165	
1	1	6	0	255	11	190	112	0	166	
0	1	5	3	200	20	196	147	0	167	
0	0	3	8	196	69	200	167	0	169	
0	2	3	14	131	138	172	180	0	170	
0	1	2	14	67	193	140	172	0	171	
0	1	0	14	139	225	130	155	0	172	
0	2	1	8	57	206	88	143	0	173	
0	2	2	6	72	154	95	121	0	174	
0	2	3	2	123	112	95	106	0	175	
0	3	3	0	97	121	116	102	0	176	
0	2	3	5	147	80	153	98	0	177	
1	2	5	0	228	78	171	130	0	178	
0	2	4	1	208	102	194	148	0	179	
0	2	3	6	255	97	215	169	0	180	
0	1	4	7	255	133	230	189	0	181	
0	1	4	13	213	183	226	206	0	182	
0	0	3	10	186	191	207	212	0	183	
0	0	2	8	15	214	143	206	0	184	
0	1	0	10	0	235	90	172	0	185	
0	1	0	9	59	244	67	133	0	186	
0	1	1	5	0	225	24	102	0	187	
0	2	2	4	0	93	36	74	0	188	
0	2	3	0	60	45	65	52	0	189	
0	2	5	0	132	47	96	47	0	190	
1	2	4	3	144	19	137	58	0	191	
0	2	5	0	212	9	175	77	0	192	
1	2	4	0	228	44	195	106	0	193	
0	2	4	5	225	90	208	138	0	194	
0	2	3	10	241	123	219	162	0	195	
0	1	3	14	120	172	186	181	0	196	
0	1	1	12	40	207	132	197	0	197	
0	0	0	11	0	215	90	187	0	198	
0	2	0	8	171	220	104	158	0	199	
0	1	5	8	10	230	69	125	0	200	
0	1	1	0	0	163	45	117	0	201	
0	2	3	0	82	90	55	93	0	202	
0	2	4	0	109	52	71	70	0	203	
1	2	3	12	106	113	85	65	0	204	
0	1	4	0	134	48	99	69	0	205	
0	1	1	0	12	24	72	77	0	206	
0	3	3	6	127	61	96	87	0	207	
0	2	6	8	255	85	147	77	0	208	
1	2	5	7	222	97	176	88	0	210	
1	2	4	9	209	113	192	118	0	211	
0	2	4	0	255	54	215	144	0	212	
1	1	4	6	241	111	222	165	0	213	
0	2	2	17	226	189	229	186	0	214	
0	1	3	11	202	204	213	200	0	215	
0	1	0	8	101	208	175	212	0	216	
0	1	2	11	132	234	155	209	0	217	
0	1	2	9	129	232	143	189	0	218	
0	1	3	5	152	235	142	159	0	219	
0	1	2	5	121	204	133	150	0	220	
0	1	2	0	69	145	107	142	0	221	
0	1	1	1	32	138	77	124	0	222	
0	2	1	2	0	134	49	100	0	223	
0	1	2	5	32	142	40	76	0	225	
0	2	3	2	17	129	30	61	0	226	
0	2	2	0	0	90	19	47	0	227	
0	2	3	0	23	54	17	35	0	228	
0	1	3	0	48	25	44	28	0	229	
1	1	4	2	82	22	39	32	0	230	
0	2	3	2	27	10	28	38	0	231	
0	1	2	1	0	15	29	37	0	232	
0	2	3	4	40	40	37	33	0	233	
0	2	3	5	39	58	34	35	0	234	
0	2	3	9	38	37	66	34	0	235	
0	2	4	4	112	18	83	51	0	236	
0	3	4	5	72	29	81	65	0	237	
0	2	3	4	157	41	112	71	0	238	
1	2	4	5	255	34	160	91	0	240	
1	2	6	9	255	88	195	124	0	241	
0	2	5	8	255	99	219	156	0	242	
0	2	4	5	255	83	234	183	0	243	
0	2	3	9	255	134	246	204	0	244	
0	2	3	16	255	228	248	219	0	245	
0	0	3	13	255	241	237	229	0	246	
0	1	3	11	229	248	194	235	0	247	
0	0	0	9	106	251	159	233	0	248	
0	1	1	8	105	252	107	185	0	249	
0	1	0	7	19	252	67	147	0	250	
0	1	1	6	0	232	39	109	0	251	
0	2	1	0	40	161	39	77	0	252	
0	1	2	0	115	130	56	62	0	253	
1	2	5	0	0	68	40	61	0	254	
0	2	2	0	109	34	65	50	0	255	
0	2	4	0	134	15	89	60	0	0	
1	2	4	2	165	36	116	74	0	1	
0	2	4	10	176	72	160	94	0	2	
0	2	4	0	201	82	179	115	0	3	
0	2	3	8	198	110	202	135	0	4	
0	2	4	9	247	139	203	155	0	5	
1	1	3	10	198	162	205	176	0	6	
0	1	3	9	203	178	183	186	0	7	
0	1	2	11	146	195	161	193	0	8	
0	1	1	8	147	222	151	185	0	9	
0	1	2	6	139	207	148	171	0	10	
0	2	2	5	195	207	159	161	0	11	
0	1	4	2	100	168	139	155	0	12	
1	1	2	0	96	143	124	157	0	13	
0	1	2	3	48	143	97	146	0	14	
0	1	1	2	78	146	85	135	0	15	
0	1	2	8	27	169	61	116	0	16	
0	1	2	0	0	128	39	101	0	17	
0	3	2	1	19	113	35	82	0	18	
0	2	6	0	148	76	67	62	0	19	
1	2	4	3	92	76	76	51	0	20	
0	2	3	0	97	44	87	61	0	21	
0	2	4	0	158	21	111	68	0	22	
0	2	3	1	94	29	106	77	0	23	
0	1	3	13	122	91	110	93	0	25	
0	1	2	6	102	88	107	97	0	26	
0	1	2	6	70	96	94	102	0	27	
0	2	2	10	57	131	79	103	0	28	
0	2	4	4	165	106	108	98	0	29	
0	2	4	6	168	114	125	87	0	30	
0	2	4	4	176	106	146	99	0	31	
0	2	4	2	193	86	164	111	0	32	
0	1	4	2	208	67	181	127	0	33	
0	1	4	9	221	128	194	160	0	34	
0	2	2	10	161	143	183	174	0	35	
0	2	1	8	115	164	161	175	0	36	
0	1	3	9	181	180	165	166	0	37	
0	2	3	8	168	196	163	165	0	38	
0	2	2	9	122	208	149	163	0	40	
0	2	3	4	181	177	158	155	0	41	
0	1	3	0	164	144	158	157	0	42	
0	0	3	6	193	166	170	156	0	43	
0	1	2	5	134	164	105	162	0	44	
0	1	0	2	1	166	66	157	0	45	
0	2	1	6	0	160	66	129	0	46	
1	2	3	5	71	181	75	99	0	47	
0	2	4	7	108	151	75	85	0	48	
0	2	3	3	78	67	73	78	0	49	
0	2	2	0	61	33	95	76	0	50	
1	1	4	0	166	62	118	86	0	51	
0	1	5	7	170	84	137	101	0	52	
0	1	4	5	152	78	145	117	0	53	
0	1	3	3	114	73	134	129	0	55	
0	2	2	8	90	112	119	129	0	56	
0	1	2	10	118	139	118	123	0	57	
1	1	3	9	205	154	141	120	0	58	
0	2	2	6	91	154	107	131	0	59	
0	2	1	3	69	108	124	125	0	60	
0	2	4	1	159	116	142	115	0	61	
1	2	4	4	179	161	167	120	0	62	
0	2	4	11	209	117	196	131	0	63	
1	1	5	1	252	93	211	170	0	64	
0	2	4	0	238	135	220	187	0	65	
0	1	3	7	229	159	223	200	0	66	
0	0	3	10	187	188	208	209	0	67	
0	1	2	11	36	223	147	205	0	68	
0	1	0	9	50	226	108	173	0	69	
0	1	1	6	62	230	82	142	0	70	
0	1	2	6	0	228	51	114	0	71	
0	1	1	3	22	199	38	84	0	72	
0	1	3	0	26	100	20	64	0	73	
0	2	2	0	0	62	35	50	0	74	
0	2	4	2	62	27	44	37	0	75	
0	2	4	0	57	26	61	38	0	76	
0	1	5	1	104	25	57	41	0	77	
1	2	2	3	40	11	67	51	0	78	
0	2	3	1	85	45	97	53	0	79	
0	2	4	6	144	52	114	60	0	80	
1	2	4	9	150	77	131	78	0	81	
0	2	3	3	108	55	120	94	0	82	
0	1	3	6	94	74	120	111	0	83	
0	2	1	10	173	120	131	112	0	84	
0	1	4	9	52	131	106	115	0	85	
1	1	1	7	59	145	87	122	0	86	
0	1	3	5	104	116	92	111	0	87	
0	2	3	1	104	117	92	99	0	88	
0	1	3	10	111	142	99	96	0	89	
0	1	2	0	70	89	87	94	0	90	
0	1	1	1	0	73	59	96	0	91	
0	2	2	5	30	94	49	90	0	92	
0	2	3	5	40	95	42	74	0	93	
0	2	3	5	65	106	49	62	0	94	
0	2	3	3	58	81	52	53	0	96	
0	2	5	0	136	37	80	52	0	97	
0	2	5	1	173	39	116	52	0	98	
0	2	6	4	245	38	162	67	0	99	
1	2	4	5	195	54	178	91	0	100	
0	1	4	5	236	57	199	125	0	101	
0	1	2	10	176	102	194	147	0	102	
0	1	3	11	184	146	189	170	0	103	
0	2	2	15	141	201	170	178	0	104	
0	1	1	9	109	195	151	173	0	105	
0	2	3	10	147	217	143	161	0	106	
0	1	1	5	67	193	118	152	0	107	
0	2	3	5	119	186	110	135	0	108	
0	1	2	2	90	157	101	123	0	109	
0	1	4	0	155	134	117	113	0	111	
0	2	3	4	107	138	113	116	0	112	
0	1	3	0	131	100	122	113	0	113	
0	2	3	5	124	105	119	118	0	114	
0	2	2	2	108	96	127	117	0	115	
0	2	3	7	148	114	135	116	0	116	
0	2	3	4	153	129	160	121	0	117	
0	2	4	5	207	119	181	127	0	118	
0	1	4	5	220	115	189	143	0	119	
0	0	3	3	201	135	183	172	0	120	
0	1	2	6	161	144	155	174	0	121	
0	1	2	6	15	181	104	162	0	122	
0	1	0	10	0	201	65	132	0	123	
0	1	1	7	1	199	39	100	0	124	
0	2	1	3	0	179	22	72	0	126	
0	3	2	1	25	136	24	50	0	127	
1	2	3	0	137	66	63	40	0	128	
1	2	5	0	219	31	115	54	0	129	
1	2	5	0	191	15	185	85	0	130	
0	2	5	1	242	23	212	113	0	131	
0	1	4	3	255	92	220	146	0	132	
0	1	3	11	227	160	215	175	0	133	
0	1	2	16	198	175	205	192	0	134	
0	1	2	11	188	217	200	200	0	135	
0	1	3	12	196	236	195	198	0	136	
0	1	3	11	162	229	181	195	0	137	
0	1	2	4	57	213	136	187	0	138	
0	1	1	4	108	198	121	160	0	139	
0	1	2	4	72	197	99	142	0	140	
0	1	2	4	18	192	68	121	0	141	
0	2	1	2	36	172	59	95	0	142	
0	2	2	0	126	103	77	80	0	143	
1	1	4	2	105	107	82	80	0	144	
0	2	2	1	67	45	99	82	0	145	
0	2	4	0	131	49	111	81	0	146	
0	2	4	0	134	92	133	90	0	147	
0	2	4	9	164	94	160	100	0	148	
0	2	5	7	209	82	178	115	0	149	
1	2	4	3	208	113	191	136	0	150	
0	2	4	8	203	123	194	154	0	151	
0	1	3	8	109	150	166	170	0	152	
0	1	1	11	137	183	155	179	0	153	
0	1	2	9	95	195	128	169	0	154	
0	1	2	8	20	203	89	162	0	155	
0	1	0	7	0	199	56	144	0	156	
0	1	1	0	0	145	33	116	0	157	
0	1	2	2	4	145	26	87	0	158	
0	2	4	1	39	109	25	63	0	159	
1	2	2	0	0	60	17	48	0	160	
0	3	4	0	112	28	55	39	0	161	
0	3	8	0	255	13	121	30	0	162	
1	2	6	1	255	18	171	45	0	163	
1	2	5	5	255	26	206	84	0	164	
1	2	4	2	255	11	227	124	0	165	
0	1	3	9	255	80	238	160	0	167	
0	1	2	20	203	176	227	189	0	168	
0	0	1	16	159	217	201	209	0	169	
0	1	0	13	39	237	145	213	0	170	
0	1	2	10	121	246	132	204	0	171	
0	1	3	9	117	250	118	172	0	172	
0	1	2	4	96	221	107	154	0	173	
0	1	2	1	82	182	94	137	0	174	
0	1	1	0	7	100	62	123	0	175	
0	1	1	3	0	117	39	85	0	176	
0	1	3	4	45	110	37	64	0	177	
0	2	2	2	0	100	24	53	0	178	
0	3	2	2	0	86	15	40	0	179	
0	3	3	0	38	38	25	30	0	180	
1	2	6	0	152	19	68	30	0	182	
1	2	6	3	209	34	116	50	0	183	
0	2	4	1	177	14	147	82	0	184	
1	2	5	2	255	7	186	112	0	185	
0	2	4	5	237	30	217	146	0	186	
0	2	3	13	229	158	230	172	0	187	
0	1	3	16	252	174	238	190	0	188	
0	1	3	10	255	219	235	207	0	189	
0	0	3	14	227	227	208	219	0	190	
0	1	2	10	164	227	161	212	0	191	
0	1	0	8	80	242	103	185	0	192	
0	2	0	8	3	247	66	144	0	193	
0	2	1	5	28	234	45	108	0	194	
0	2	2	1	78	189	53	80	0	195	
0	2	3	0	102	125	67	70	0	197	
0	3	4	0	129	57	89	70	0	198	
0	2	4	0	170	34	119	80	0	199	
1	1	4	2	255	29	166	99	0	200	
0	1	4	5	200	59	177	131	0	201	
0	1	2	7	159	109	159	152	0	202	
0	2	2	8	122	145	162	161	0	203	
0	1	3	10	166	205	167	157	0	204	
1	1	4	15	187	197	147	159	0	205	
0	1	2	9	118	177	111	152	0	206	
0	1	0	4	41	145	89	131	0	207	
0	1	2	2	73	162	77	111	0	208	
0	1	2	7	48	173	64	95	0	209	
0	2	2	2	19	135	48	80	0	210	
0	3	2	0	115	83	73	65	0	211	
1	2	4	0	194	70	111	71	0	212	
1	1	6	3	134	69	117	91	0	213	
0	2	4	2	69	55	107	102	0	214	
0	2	4	0	166	37	129	102	0	215	
0	1	3	7	141	144	94	114	0	216	
0	1	1	14	25	129	75	119	0	217	
0	2	1	8	37	100	79	104	0	218	
0	2	3	1	94	140	91	90	0	219	
0	2	4	8	123	134	107	85	0	220	
0	1	4	6	142	69	101	89	0	221	
0	2	2	0	171	58	127	97	0	222	
0	2	4	5	223	80	158	98	0	223	
0	2	5	7	185	103	169	113	0	224	
1	1	3	8	101	122	145	134	0	225	
0	0	2	3	35	100	112	149	0	226	
0	2	0	9	189	146	129	143	0	227	
0	1	5	12	78	185	113	127	0	228	
0	2	4	8	163	182	128	129	0	229	
0	2	3	1	164	130	141	120	0	230	
0	2	5	0	249	84	178	124	0	231	
1	2	5	10	255	141	205	132	0	232	
0	2	4	1	255	104	224	154	0	233	
0	1	3	8	214	138	221	177	0	234	
0	0	2	7	177	154	205	197	0	235	
0	1	0	12	45	208	150	205	0	236	
0	1	1	11	53	231	112	202	0	238	
0	1	2	9	72	243	90	173	0	239	
0	1	2	6	39	222	68	144	0	240	
0	1	2	3	53	194	59	119	0	241	
0	3	2	0	47	108	54	95	0	242	
0	3	6	0	200	80	103	79	0	243	
1	2	5	2	207	73	138	68	0	244	
0	1	3	0	157	52	148	88	0	245	
0	2	2	2	129	52	144	112	0	246	
0	1	4	2	205	52	166	133	0	247	
0	1	3	13	132	140	151	148	0	248	
0	1	1	13	49	171	119	146	0	249	
0	1	2	7	74	160	96	131	0	250	
0	2	1	4	35	143	72	113	0	251	
0	2	3	9	92	181	78	93	0	253	
1	2	4	4	138	144	95	87	0	254	
1	2	5	0	199	93	132	92	0	255	
1	1	5	2	222	79	163	112	0	0	
0	1	3	0	164	54	142	136	0	1	
0	1	2	4	91	111	129	148	0	2	
0	1	2	8	110	162	85	142	0	3	
0	1	0	11	0	192	70	134	0	4	
0	2	2	12	51	174	62	108	0	5	
0	3	3	6	57	125	85	78	0	6	
1	2	4	1	133	117	119	83	0	7	
1	2	5	2	255	51	166	101	0	8	
0	1	6	1	255	56	200	132	0	9	
0	1	5	3	197	56	202	163	0	10	
0	1	3	8	164	103	190	177	0	12	
0	1	2	11	80	148	154	180	0	13	
0	1	1	15	134	206	139	164	0	14	
0	1	3	12	42	231	102	152	0	15	
0	1	2	7	105	208	87	126	0	16	
0	2	3	3	78	125	75	116	0	17	
0	2	2	0	52	126	120	101	0	18	
1	1	5	3	213	76	119	89	0	19	
0	1	4	0	131	97	91	107	0	20	
0	2	0	3	21	80	103	99	0	21	
0	1	3	3	124	67	109	102	0	22	
1	2	4	1	117	154	113	105	0	23	
0	2	3	7	177	126	137	108	0	24	
0	1	4	0	211	71	161	122	0	25	
1	1	5	6	131	109	151	140	0	26	
0	2	3	8	135	116	152	142	0	27	
0	1	2	5	249	118	180	146	0	28	
1	1	5	9	136	156	164	162	0	29	
0	1	1	11	87	182	137	160	0	30	
0	2	2	4	129	151	134	147	0	31	
0	1	4	3	147	203	118	142	0	32	
1	2	2	12	85	157	138	138	0	33	
0	2	4	3	183	117	135	127	0	34	
0	1	3	0	134	133	100	133	0	35	
0	1	1	2	37	135	107	133	0	36	
0	2	3	6	159	107	121	115	0	37	
0	2	4	8	137	152	127	112	0	38	
0	1	3	5	113	138	122	117	0	39	
0	1	3	0	122	76	123	121	0	40	
0	2	3	6	158	110	132	120	0	41	
0	2	4	8	134	134	132	121	0	42	
0	2	3	5	170	135	142	126	0	43	
0	1	1	4	74	120	120	128	0	44	
0	0	0	4	0	124	80	134	0	45	
0	2	5	7	200	141	114	125	0	46	
1	2	3	5	130	135	118	102	0	47	
0	2	3	7	154	151	133	111	0	48	
0	1	4	0	161	106	142	113	0	49	
0	2	3	0	141	48	144	122	0	50	
0	1	3	13	156	137	144	131	0	51	
0	1	1	6	53	127	113	135	0	53	
0	1	1	7	45	145	89	138	0	54	
0	1	1	7	1	152	57	124	0	55	
0	2	3	5	71	147	60	107	0	56	
0	3	5	6	170	146	97	82	0	57	
1	2	6	0	196	92	128	73	0	58	
0	2	4	0	173	69	150	87	0	59	
1	2	4	0	232	31	185	107	0	60	
1	1	5	4	255	59	210	126	0	61	
0	1	3	11	206	126	212	178	0	62	
0	1	3	13	207	158	212	191	0	63	
0	2	2	8	132	170	180	198	0	64	
0	0	1	11	130	213	166	186	0	65	
0	1	3	11	158	234	153	175	0	66	
0	1	0	6	0	217	101	163	0	68	
0	2	2	6	90	213	94	131	0	69	
0	2	3	1	90	158	89	115	0	70	
0	2	3	1	120	151	97	103	0	71	
0	1	3	5	122	145	119	101	0	72	
0	2	3	0	144	85	114	102	0	73	
0	1	2	4	96	86	100	110	0	74	
0	2	3	4	88	105	89	111	0	75	
0	2	2	6	59	111	98	104	0	76	
0	2	4	6	129	132	107	98	0	77	
0	2	3	7	123	113	123	102	0	78	
0	1	4	3	245	91	167	112	0	79	
1	1	5	0	250	80	195	139	0	80	
0	1	5	7	151	105	182	164	0	81	
0	0	2	6	183	116	186	169	0	83	
0	1	2	8	85	137	145	175	0	84	
0	2	1	12	0	202	95	157	0	85	
0	1	0	12	50	223	72	125	0	86	
0	1	3	3	96	177	49	101	0	87	
0	2	1	4	0	118	48	90	0	88	
0	3	2	0	43	55	62	69	0	89	
1	2	4	0	90	52	122	61	0	90	
1	1	7	2	246	75	135	63	0	91	
0	2	4	6	154	32	129	111	0	92	
0	2	2	0	98	45	157	117	0	93	
0	1	4	3	191	73	167	136	0	94	
1	1	4	18	134	170	156	149	0	95	
0	2	2	8	116	153	143	149	0	96	
0	2	2	2	167	126	151	144	0	97	
0	1	3	9	196	176	163	147	0	98	
1	1	4	9	154	178	161	154	0	99	
0	1	3	3	133	150	151	156	0	100	
0	1	2	2	86	132	127	152	0	101	
0	1	2	6	93	175	110	138	0	102	
0	2	1	8	0	163	72	124	0	103	
0	1	4	4	143	144	90	97	0	104	
0	2	3	3	66	109	80	96	0	105	
0	2	3	0	116	97	93	88	0	106	
0	2	5	2	183	43	124	91	0	107	
1	2	5	0	255	101	168	108	0	108	
1	2	5	3	226	77	200	137	0	109	
1	1	4	6	175	103	210	165	0	110	
0	1	2	11	102	148	201	183	0	111	
0	1	1	13	90	206	168	188	0	112	
0	0	1	12	0	231	135	175	0	113	
0	1	0	9	0	222	87	154	0	114	
0	1	2	3	0	196	53	120	0	115	
0	1	2	0	0	142	30	88	0	116	
0	2	3	0	0	109	17	62	0	117	
0	2	3	0	15	49	9	43	0	118	
0	3	4	0	102	23	9	30	0	119	
1	3	6	0	197	10	43	23	0	120	
1	2	6	1	229	4	101	35	0	121	
1	2	5	2	243	1	146	69	0	122	
0	2	4	4	255	9	186	105	0	124	
1	2	4	9	255	68	214	142	0	125	
0	2	3	15	255	146	231	173	0	126	
0	1	3	16	255	187	240	197	0	127	
0	0	2	13	190	221	245	214	0	128	
0	0	0	12	100	239	225	226	0	129	
0	1	0	10	24	247	181	221	0	130	
0	1	0	8	0	250	122	199	0	131	
0	1	2	7	30	252	75	160	0	132	
0	2	2	2	0	211	50	88	0	133	
0	2	2	0	15	147	29	62	0	134	
0	2	4	0	69	75	22	46	0	135	
1	2	4	0	98	35	35	43	0	136	
1	1	5	1	178	29	57	51	0	137	
0	2	4	0	155	12	99	76	0	139	
0	1	3	2	149	16	119	95	0	140	
0	2	3	7	144	46	135	113	0	141	
0	2	2	8	82	75	139	123	0	142	
0	2	4	13	179	134	123	120	0	143	
1	2	5	10	209	149	163	132	0	144	
0	2	4	7	193	145	174	146	0	145	
0	1	3	6	184	111	179	158	0	146	
0	1	4	1	225	156	194	166	0	147	
0	1	2	8	168	181	186	179	0	148	
0	1	2	10	139	186	167	171	0	149	
0	1	1	8	34	185	127	147	0	150	
0	1	1	9	0	206	90	119	0	151	
0	1	1	4	0	182	56	89	0	152	
0	2	2	2	0	154	33	64	0	154	
0	2	2	0	0	97	19	44	0	155	
0	2	3	0	25	61	10	31	0	156	
1	3	3	0	66	27	15	26	0	157	
1	2	5	0	143	12	33	31	0	158	
1	2	7	1	255	2	138	55	0	159	
1	2	6	2	255	17	183	95	0	160	
0	1	4	4	246	47	210	135	0	161	
0	0	4	7	237	109	220	168	0	162	
0	0	1	11	140	189	195	187	0	163	
0	1	0	19	55	223	145	163	0	164	
0	1	0	15	0	235	92	128	0	165	
0	1	1	9	27	232	59	96	0	166	
0	2	3	1	0	178	38	69	0	167	
0	3	2	0	68	106	22	49	0	168	
0	3	3	0	203	49	38	47	0	169	
1	2	6	0	255	27	94	73	0	170	
1	2	6	3	255	21	151	110	0	171	
1	2	4	1	255	8	191	147	0	172	
0	2	4	6	255	138	218	178	0	173	
0	2	3	15	255	200	234	201	0	174	
0	1	3	17	255	229	242	217	0	175	
0	1	2	14	228	242	246	228	0	176	
0	1	2	11	212	249	241	231	0	177	
0	1	1	9	163	251	228	227	0	178	
0	0	0	8	0	252	204	214	0	179	
0	1	0	4	0	239	146	178	0	180	
0	1	1	4	0	220	92	136	0	181	
0	1	2	0	0	185	54	98	0	182	
0	1	2	0	0	102	31	68	0	183	
0	2	3	0	75	48	16	46	0	184	
0	3	4	0	254	22	8	31	0	185	
1	3	6	0	255	9	30	34	0	186	
1	2	5	1	255	3	105	72	0	187	
1	2	4	2	255	1	160	114	0	188	
0	2	3	8	255	46	199	152	0	189	
0	1	3	19	232	163	223	182	0	190	
0	0	0	16	109	210	236	204	0	191	
0	1	0	13	39	234	233	214	0	192	
0	1	1	11	57	245	190	198	0	193	
0	1	1	9	0	250	137	166	0	195	
0	2	1	7	0	233	103	136	0	196	
0	2	4	0	90	159	63	101	0	197	
1	2	3	0	55	93	38	72	0	198	
0	2	3	0	85	73	47	63	0	199	
0	3	6	0	237	32	48	57	0	200	
1	2	6	0	255	14	60	59	0	201	
0	2	4	8	233	54	125	93	0	202	
0	2	4	4	244	52	172	130	0	203	
0	2	3	6	206	71	200	184	0	204	
0	1	3	15	234	174	217	196	0	205	
0	0	3	15	215	215	217	208	0	206	
0	1	0	11	96	225	225	209	0	207	
0	1	0	10	69	233	217	189	0	208	
0	1	3	5	116	219	174	164	0	210	
0	2	1	7	56	231	140	144	0	211	
0	2	2	6	42	214	122	120	0	212	
0	2	3	0	115	143	94	98	0	213	
1	2	5	0	193	109	73	94	0	214	
0	2	4	4	171	74	85	108	0	215	
0	1	4	0	206	57	139	122	0	216	
0	2	4	0	204	93	165	142	0	217	
0	1	1	6	96	148	178	157	0	218	
0	1	4	11	215	158	154	162	0	219	
0	2	3	8	165	188	171	162	0	220	
0	1	1	9	88	192	167	148	0	221	
1	1	1	0	151	138	137	135	0	222	
0	1	4	9	110	183	123	132	0	223	
0	2	3	5	54	167	127	124	0	225	
0	2	1	0	80	117	117	109	0	226	
0	2	2	0	112	109	95	100	0	227	
0	2	3	6	104	131	89	97	0	228	
0	2	4	3	147	113	93	96	0	229	
1	2	5	0	200	83	95	106	0	230	
1	1	5	2	230	97	145	125	0	231	
0	0	4	6	199	100	176	148	0	232	
0	1	0	5	36	131	183	162	0	233	
0	1	0	7	2	170	134	117	0	234	
0	1	3	11	48	203	92	92	0	235	
0	2	1	11	31	193	64	67	0	236	
0	3	2	0	67	100	39	53	0	237	
0	3	3	0	201	54	33	51	0	238	
1	2	6	3	255	42	45	77	0	239	
1	2	6	0	255	18	99	114	0	240	
1	1	5	3	196	27	154	150	0	241	
0	1	3	5	117	53	193	169	0	242	
0	1	1	15	101	141	199	167	0	243	
0	1	2	17	96	229	173	156	0	244	
0	2	2	13	102	208	149	142	0	245	
0	2	3	7	168	155	129	128	0	246	
0	2	5	1	240	127	114	131	0	247	
1	1	5	0	241	112	132	149	0	248	
1	1	2	1	131	103	167	168	0	249	
0	1	2	3	90	145	192	168	0	250	
0	0	1	12	0	196	175	164	0	251	
0	1	0	11	0	217	163	147	0	252	
0	2	1	1	90	166	134	117	0	253	
0	2	4	3	150	154	88	87	0	254	
0	3	4	0	218	114	54	77	0	255	
1	2	6	0	205	51	60	85	0	0	
0	2	5	0	255	25	90	109	0	1	
1	2	3	7	205	63	132	134	0	2	
0	1	2	10	183	114	163	162	0	3	
0	1	1	14	96	169	196	177	0	4	
0	1	1	10	88	191	200	183	0	5	
0	2	1	12	63	226	195	169	0	6	
0	1	3	7	125	208	162	150	0	7	
0	1	3	4	86	193	132	129	0	8	
0	1	2	0	63	136	107	119	0	10	
0	1	1	0	0	108	106	107	0	11	
0	2	2	0	22	86	95	95	0	12	
0	1	4	5	81	106	82	75	0	13	
1	2	2	3	17	89	54	63	0	14	
0	2	3	1	65	74	47	58	0	15	
1	3	5	0	174	33	51	49	0	16	
1	2	5	0	207	39	40	50	0	17	
0	2	5	7	225	55	49	73	0	18	
1	1	5	2	255	33	92	134	0	19	
0	1	3	5	180	55	133	165	0	20	
0	1	2	13	177	126	172	175	0	21	
0	1	3	14	178	169	203	181	0	22	
0	2	1	12	83	204	196	180	0	23	
0	1	1	12	90	231	193	162	0	25	
0	1	3	6	138	196	184	145	0	26	
0	1	1	4	43	189	149	135	0	27	
0	1	1	5	0	178	127	113	0	28	
0	1	2	0	0	122	124	86	0	29	
0	2	3	0	23	122	91	63	0	30	
0	1	2	5	0	70	59	47	0	31	
0	2	3	0	36	33	26	34	0	32	
0	2	2	0	0	15	16	30	0	33	
1	2	5	0	119	17	20	41	0	34	
1	1	6	3	194	7	15	72	0	35	
0	1	5	1	155	23	54	99	0	36	
0	1	3	2	142	11	102	118	0	37	
0	1	3	10	129	82	133	129	0	38	
0	1	2	15	128	143	145	132	0	40	
0	1	2	12	36	161	146	132	0	41	
0	1	1	8	0	157	140	112	0	42	
0	1	1	6	6	147	135	88	0	43	
0	2	2	4	0	137	97	66	0	44	
0	2	2	4	0	71	63	47	0	45	
0	2	3	0	0	34	40	33	0	46	
0	2	3	0	0	19	13	23	0	47	
0	2	3	0	0	8	8	16	0	48	
0	2	3	1	0	4	4	8	0	49	
0	2	3	2	0	1	3	7	0	50	
0	2	3	3	0	1	2	5	0	51	
0	2	3	4	52	0	2	5	0	52	
0	2	4	4	75	0	2	12	0	53	
0	2	4	4	88	0	2	26	0	54	
0	2	4	4	88	1	18	40	0	55	
0	1	3	4	92	1	40	55	0	56	
0	1	3	8	19	30	57	64	0	57	
0	1	2	8	29	58	71	60	0	58	
0	2	3	8	40	83	77	54	0	59	
0	2	4	7	97	84	60	50	0	60	
1	2	4	7	93	47	45	56	0	61	
0	2	4	1	115	39	61	64	0	62	
0	2	3	2	111	42	73	75	0	63	
0	1	3	3	121	73	87	85	0	64	
0	1	3	8	0	84	97	94	0	65	
0	1	1	8	14	100	106	92	0	66	
0	2	2	6	34	107	95	77	0	67	
0	2	3	7	54	114	65	63	0	68	
0	2	3	4	68	90	48	53	0	69	
0	2	3	0	148	41	40	48	0	70	
0	3	5	0	226	32	41	51	0	71	
1	2	4	3	185	33	52	68	0	72	
0	2	4	5	226	42	85	100	0	73	
0	2	5	5	255	60	134	124	0	74	
1	2	4	11	251	111	156	154	0	75	
0	2	3	15	255	174	189	180	0	76	
0	2	3	10	255	177	214	200	0	77	
0	2	3	10	255	217	229	215	0	78	
0	2	3	11	255	236	238	226	0	79	
0	2	3	9	255	243	244	233	0	81	
0	2	3	8	255	248	247	237	0	82	
0	2	3	7	255	251	248	240	0	83	
0	2	3	6	255	251	248	242	0	84	
0	2	3	6	254	252	249	243	0	85	
0	2	3	6	255	252	249	243	0	86	
0	1	3	5	255	251	248	244	0	87	
0	1	3	5	243	251	248	244	0	88	
0	1	3	5	232	251	248	244	0	89	
0	1	1	5	165	251	248	238	0	90	
0	1	1	5	101	251	246	223	0	91	
0	2	1	5	119	251	238	195	0	92	
0	1	2	4	125	246	211	174	0	93	
0	2	3	4	146	234	170	158	0	94	
0	1	2	0	96	192	150	147	0	96	
0	1	4	0	159	138	139	135	0	97	
0	2	2	0	60	132	135	133	0	98	
0	1	1	2	21	130	122	116	0	99	
0	1	4	5	114	135	130	97	0	100	
0	1	2	1	23	138	102	91	0	101	
0	2	1	6	0	84	77	75	0	102	
0	2	2	0	8	56	60	58	0	103	
1	1	3	0	37	86	39	45	0	104	
0	2	5	7	137	46	29	54	0	105	
0	2	3	0	71	22	33	59	0	106	
0	2	2	0	82	18	64	53	0	107	
0	2	3	4	61	34	67	57	0	108	
0	1	3	12	147	89	49	58	0	109	
0	2	5	6	96	74	60	73	0	111	
0	2	3	0	110	37	60	81	0	112	
1	2	3	6	215	66	87	91	0	113	
1	1	5	5	255	62	91	117	0	114	
0	2	3	11	169	108	103	146	0	115	
0	2	2	5	139	111	143	158	0	116	
0	1	3	5	187	174	180	161	0	117	
0	2	3	12	185	213	170	166	0	118	
0	2	2	14	163	184	174	168	0	119	
0	2	3	6	182	163	174	169	0	120	
0	2	3	2	217	176	171	179	0	121	
1	2	4	7	255	176	173	193	0	122	
0	2	4	4	255	169	190	207	0	123	
0	2	3	6	255	176	210	218	0	124	
0	2	3	7	255	204	226	227	0	125	
0	1	3	10	255	230	236	233	0	126	
0	2	3	9	253	241	242	238	0	127	
0	2	3	8	255	247	246	240	0	128	
0	2	3	7	255	250	247	242	0	129	
0	2	3	6	255	252	248	243	0	130	
0	2	3	6	255	252	249	244	0	131	
0	2	3	5	255	252	249	244	0	132	
0	2	3	6	255	251	249	244	0	133	
0	2	3	5	255	252	249	244	0	134	
0	2	3	5	255	251	248	244	0	135	
0	2	3	5	255	251	248	244	0	136	
0	2	3	5	255	251	248	244	0	137	
0	2	3	5	255	251	248	244	0	138	
0	2	3	5	255	251	248	244	0	139	
0	2	3	5	255	251	248	244	0	140	
0	2	3	5	255	251	248	244	0	141	
0	2	3	5	255	251	248	245	0	142	
0	2	3	5	255	251	248	245	0	143	
0	2	3	5	255	251	248	245	0	144	
0	2	3	5	255	251	248	245	0	145	
0	2	3	5	255	251	248	245	0	146	
0	2	3	5	255	251	248	245	0	147	
0	2	3	5	255	251	248	245	0	148	
0	2	3	5	255	251	248	245	0	149	
0	2	3	5	255	251	248	245	0	150	
0	2	3	5	255	251	248	245	0	152	
0	2	3	5	255	251	248	245	0	153	
0	2	3	5	255	251	248	245	0	154	
0	2	3	5	255	251	248	245	0	155	
0	2	3	5	254	251	248	245	0	156	
0	2	3	5	255	251	248	245	0	157	
0	2	3	5	255	251	248	245	0	158	
0	2	3	5	255	251	248	245	0	159	
0	1	3	5	255	251	248	245	0	160	
0	1	3	5	255	252	248	245	0	161	
0	2	1	5	139	251	248	244	0	162	
0	2	3	5	212	251	248	227	0	163	
0	2	3	5	202	251	248	218	0	164	
0	1	3	5	218	251	214	210	0	165	
0	1	3	5	227	251	209	207	0	167	
0	1	2	0	188	189	202	208	0	168	
0	0	2	4	175	203	205	204	0	169	
0	1	1	4	89	199	210	195	0	170	
0	1	0	5	0	209	203	173	0	171	
0	1	1	6	0	200	189	136	0	172	
0	1	2	3	0	181	153	101	0	173	
0	1	2	3	0	127	61	71	0	174	
0	2	3	0	0	58	35	49	0	175	
1	2	3	0	0	27	19	23	0	176	
1	2	4	0	80	12	10	28	0	177	
0	2	4	0	98	5	5	40	0	178	
0	2	4	2	118	2	28	54	0	179	
0	1	4	3	114	0	51	71	0	180	
0	1	4	9	96	45	70	82	0	182	
0	1	3	8	0	71	89	87	0	183	
0	1	1	8	0	86	98	75	0	184	
0	1	1	8	0	106	97	59	0	185	
0	1	2	7	0	107	67	45	0	186	
0	1	3	5	0	44	43	33	0	187	
0	2	3	0	0	22	27	23	0	188	
0	2	3	0	0	10	9	17	0	189	
1	2	4	1	57	5	5	12	0	190	
0	2	3	2	40	2	3	23	0	191	
0	1	4	3	95	1	18	37	0	192	
0	1	2	3	0	1	30	36	0	193	
0	1	2	8	0	31	51	32	0	194	
0	1	2	5	0	40	40	26	0	195	
0	1	3	9	0	69	29	21	0	196	
0	1	3	3	0	34	19	16	0	197	
0	2	3	1	0	18	12	12	0	198	
0	2	3	2	0	9	8	9	0	199	
0	2	3	3	0	4	5	7	0	200	
0	2	3	3	0	1	3	6	0	201	
0	2	3	4	0	1	3	5	0	202	
0	2	3	4	0	1	2	5	0	203	
0	2	3	4	0	1	2	4	0	204	
0	2	3	4	0	1	2	4	0	205	
0	2	3	4	0	1	2	4	0	206	
0	2	3	4	124	1	2	4	0	207	
0	2	5	4	107	1	2	7	0	208	
1	2	5	4	4	1	2	28	0	209	
1	1	2	4	111	1	7	46	0	210	
0	2	4	4	49	9	48	46	0	211	
0	1	3	13	23	78	67	59	0	212	
0	1	2	10	22	87	52	59	0	213	
0	1	2	1	0	43	72	54	0	214	
0	1	2	9	0	84	64	47	0	215	
0	1	3	4	0	60	51	37	0	216	
0	2	3	1	0	42	39	28	0	217	
0	2	3	3	0	30	26	22	0	218	
0	2	3	1	0	14	17	15	0	219	
0	2	3	2	0	7	11	11	0	220	
0	2	3	3	11	3	6	8	0	221	
0	2	3	3	2	1	4	7	0	223	
0	1	3	4	0	1	3	7	0	224	
0	1	3	4	0	0	2	7	0	225	
0	2	3	4	0	0	6	6	0	226	
0	2	3	5	0	8	5	6	0	227	
0	2	3	4	0	4	4	5	0	228	
0	2	3	4	15	2	4	5	0	229	
1	2	4	4	68	2	3	5	0	230	
0	2	3	4	30	1	3	8	0	231	
0	1	2	4	0	1	10	23	0	232	
0	1	2	4	0	1	29	22	0	233	
0	1	3	5	0	14	30	19	0	234	
0	2	3	9	0	44	23	16	0	235	
0	2	3	5	0	34	16	12	0	236	
0	2	3	2	0	16	11	10	0	238	
0	2	3	3	0	8	7	8	0	239	
0	2	3	3	0	4	5	6	0	240	
0	2	3	3	0	2	3	5	0	241	
0	2	3	4	0	1	3	5	0	242	
0	2	3	4	0	1	2	4	0	243	
0	2	3	4	0	1	2	4	0	244	
0	2	3	4	0	1	2	4	0	245	
0	2	3	4	0	1	2	4	0	246	
0	2	3	4	0	1	2	4	0	247	
0	2	3	4	0	1	2	4	0	248	
0	2	3	4	0	1	2	4	0	249	
0	2	3	4	0	1	2	4	0	250	
0	2	3	4	0	1	2	4	0	251	
0	2	3	4	0	1	2	4	0	253	
0	2	3	4	0	1	2	4	0	254	
0	2	3	4	0	1	2	4	0	255	
0	2	3	4	0	1	2	4	0	0	
0	2	3	4	0	1	2	4	0	1	
0	1	3	4	0	1	2	4	0	2	
0	2	3	4	0	1	2	4	0	3	
0	2	3	4	0	1	2	4	0	4	
0	2	3	4	0	1	2	4	0	5	
0	2	3	4	0	1	2	4	0	6	
0	2	3	4	0	1	2	4	0	7	
0	2	3	4	0	1	2	4	0	8	
0	2	3	4	0	1	2	4	0	9	
0	2	3	4	0	1	2	4	0	10	
0	2	3	4	0	1	2	4	0	11	
0	2	3	4	0	1	2	4	0	12	
0	2	3	4	0	1	2	4	0	13	
0	2	3	4	0	1	2	4	0	14	
0	2	3	4	0	1	2	4	0	15	
0	1	3	4	0	1	2	4	0	16	
0	1	3	4	0	1	2	4	0	17	
0	2	3	4	0	1	2	4	0	18	
0	2	3	4	0	1	2	4	0	19	
0	2	3	4	0	1	2	4	0	20	
0	2	3	4	0	1	2	4	0	21	
0	2	3	4	0	1	2	4	0	22	
0	2	3	4	0	1	2	4	0	23	
0	2	3	4	0	1	2	4	0	24	
0	2	3	4	0	1	2	4	0	25	
0	2	3	4	0	1	2	4	0	26	
0	2	3	4	0	1	2	4	0	27	
0	2	3	4	0	1	2	4	0	28	
0	2	3	4	0	1	2	4	0	29	
0	2	3	4	0	1	2	4	0	30	
0	1	3	4	14	1	2	4	0	31	
0	2	4	4	66	1	2	4	0	32	
0	2	5	4	116	1	2	7	0	33	
1	2	5	4	161	1	2	18	0	34	
1	2	5	4	205	1	8	39	0	35	
1	2	5	5	247	11	29	67	0	36	
1	2	4	8	255	45	61	101	0	38	
0	2	4	11	255	86	99	137	0	39	
0	2	3	12	255	130	139	168	0	40	
0	2	3	13	255	173	180	193	0	41	
0	2	3	14	254	215	209	211	0	42	
0	2	3	12	255	235	228	223	0	43	
0	2	3	10	255	245	238	232	0	44	
0	2	3	8	255	249	247	237	0	45	
0	1	3	7	255	251	248	240	0	46	
0	1	3	6	255	252	249	243	0	47	
0	2	3	6	255	252	249	243	0	48	
0	2	3	6	255	252	249	243	0	49	
0	2	3	5	255	251	248	244	0	50	
0	2	3	5	255	251	248	244	0	51	
0	2	3	5	255	251	248	244	0	53	
0	2	3	5	255	251	248	244	0	54	
0	2	3	5	255	251	248	244	0	55	
0	2	3	5	255	251	248	244	0	56	
0	2	3	5	255	251	248	244	0	57	
0	2	3	5	255	251	248	244	0	58	
0	2	3	5	255	251	248	244	0	59	
0	2	3	5	255	251	248	244	0	60	
0	2	3	5	255	251	248	244	0	61	
0	2	3	5	255	251	248	244	0	62	
0	2	3	5	255	251	248	244	0	63	
0	2	3	5	255	251	248	244	0	64	
0	2	3	5	255	251	248	244	0	65	
0	2	3	5	255	251	248	244	0	66	
0	2	3	5	255	251	248	244	0	68	
0	2	3	5	255	251	248	244	0	69	
0	2	3	5	255	251	248	244	0	70	
0	2	3	5	255	251	248	244	0	71	
0	2	3	5	255	251	248	244	0	72	
0	2	3	5	255	251	248	244	0	73	
0	2	3	5	255	251	248	244	0	74	
0	2	3	5	255	251	248	244	0	75	
0	2	3	5	255	251	248	244	0	76	
0	2	3	5	255	251	248	244	0	77	
0	2	3	5	255	251	248	244	0	78	
0	2	3	5	255	251	248	244	0	79	
0	2	3	5	255	251	248	244	0	80	
0	2	3	5	255	251	248	244	0	81	
0	2	3	5	255	251	248	244	0	82	
0	2	3	5	255	251	248	244	0	83	
0	2	3	5	255	251	248	244	0	84	
0	2	3	5	255	251	248	244	0	85	
0	2	3	5	255	251	248	244	0	86	
0	2	3	5	255	251	248	244	0	87	
0	1	3	5	255	251	248	245	0	88	
0	2	3	5	255	251	248	245	0	89	
0	2	3	5	255	251	248	245	0	90	
0	2	3	5	255	251	248	245	0	91	
0	2	3	5	255	251	248	245	0	92	
0	2	3	5	255	251	248	245	0	93	
0	2	3	5	255	251	248	245	0	94	
0	2	3	5	255	251	248	245	0	95	
0	2	3	5	255	251	248	245	0	96	
0	2	3	5	255	251	248	245	0	97	
0	2	3	5	255	251	248	245	0	98	
0	2	3	5	255	251	248	245	0	99	
0	2	3	5	255	251	248	245	0	100	
0	2	3	5	255	251	248	245	0	101	
0	2	3	5	255	251	248	245	0	102	
0	2	3	5	255	251	248	245	0	103	
0	2	3	5	255	251	248	245	0	104	
0	2	3	5	255	251	248	245	0	105	
0	2	3	5	255	251	248	245	0	106	
0	2	3	5	255	251	248	245	0	107	
0	2	3	5	255	251	248	245	0	109	
0	2	3	5	255	251	248	245	0	110	
0	2	3	5	255	251	248	245	0	111	
0	2	3	5	255	251	248	245	0	112	
0	2	3	5	254	251	248	245	0	113	
0	2	3	5	255	251	248	245	0	114	
0	2	3	5	255	251	248	245	0	115	
0	2	3	5	255	251	248	245	0	116	
0	2	3	5	255	251	248	245	0	117	
0	2	3	5	255	251	248	245	0	118	
0	2	3	5	255	251	248	245	0	119	
0	1	2	5	230	251	248	245	0	120	
0	2	3	5	255	251	248	241	0	121	
0	2	3	5	245	251	248	241	0	122	
0	1	1	5	157	251	242	239	0	124	
0	1	1	5	121	251	243	224	0	125	
0	1	1	3	85	239	241	199	0	126	
0	0	0	6	0	247	212	170	0	127	
0	1	1	5	0	242	176	130	0	128	
0	1	2	0	4	148	139	94	0	129	
0	1	2	0	0	109	88	67	0	130	
0	2	3	0	24	49	32	46	0	131	
0	2	4	0	39	23	18	36	0	132	
0	1	2	0	0	13	18	25	0	133	
0	1	3	0	0	5	21	19	0	134	
0	2	3	1	0	18	15	15	0	135	
0	2	3	6	0	25	11	12	0	136	
0	2	3	2	0	11	7	9	0	137	
0	2	3	3	0	6	5	8	0	139	
0	2	3	3	0	3	4	6	0	140	
0	2	3	3	0	2	3	6	0	141	
0	2	3	4	0	1	3	5	0	142	
0	2	3	4	0	1	2	5	0	143	
0	2	3	4	0	1	2	5	0	144	
0	2	3	4	0	1	2	4	0	145	
0	2	3	4	0	1	2	4	0	146	
0	2	3	4	0	1	2	4	0	147	
0	2	3	4	0	1	2	4	0	148	
0	2	3	4	0	1	2	4	0	149	
0	2	3	4	0	1	2	4	0	150	
0	2	3	4	0	1	2	4	0	151	
0	2	3	4	0	1	2	4	0	152	
0	2	3	4	0	1	2	4	0	153	
0	2	3	4	0	1	2	4	0	154	
0	2	3	4	0	1	2	4	0	155	
0	2	3	4	0	1	2	4	0	156	
0	2	3	4	0	1	2	4	0	157	
0	2	3	4	0	1	2	4	0	158	
0	2	3	4	0	1	2	4	0	159	
0	2	3	4	0	1	2	4	0	160	
0	2	3	4	0	1	2	4	0	161	
0	2	3	4	0	1	2	4	0	162	
0	2	3	4	0	1	2	4	0	163	
0	2	3	4	0	1	2	4	0	164	
0	2	3	4	0	1	2	4	0	165	
0	2	3	4	0	1	2	4	0	166	
0	2	3	4	0	1	2	4	0	167	
0	2	3	4	0	1	2	4	0	168	
0	2	3	4	0	1	2	4	0	169	
0	2	3	4	0	1	2	4	0	170	
0	2	3	4	0	1	2	4	0	171	
0	2	3	4	0	1	2	4	0	172	
0	2	3	4	0	1	2	4	0	173	
0	2	3	4	0	1	2	4	0	174	
0	2	3	4	0	1	2	4	0	175	
0	2	3	4	0	1	2	4	0	176	
0	2	3	4	0	1	2	4	0	177	
0	2	3	4	0	1	2	4	0	178	
0	2	3	4	0	1	2	4	0	180	
0	2	3	4	0	1	2	4	0	181	
0	2	3	4	0	1	2	4	0	182	
0	2	3	4	0	1	2	4	0	183	
0	2	3	4	0	1	2	4	0	184	
0	2	3	4	0	1	2	4	0	185	
0	2	3	4	0	1	2	4	0	186	
0	2	3	4	0	1	2	4	0	187	
0	2	3	4	0	1	2	4	0	188	
0	2	3	4	0	1	2	4	0	189	
0	2	3	4	0	1	2	4	0	190	
0	2	3	4	0	1	2	4	0	191	
0	2	3	4	0	1	2	4	0	192	
0	2	3	4	0	1	2	4	0	193	
0	2	3	4	0	1	2	4	0	195	
0	2	3	4	0	1	2	4	0	196	
0	2	3	4	0	1	2	4	0	197	
0	2	3	4	0	1	2	4	0	198	
0	2	3	4	0	1	2	4	0	199	
0	2	3	4	0	1	2	4	0	200	
0	2	3	4	0	1	2	4	0	201	
0	2	3	4	0	1	2	4	0	202	
0	2	3	4	0	1	2	4	0	203	
0	2	3	4	0	1	2	4	0	204	
0	2	3	4	0	1	2	4	0	205	
0	2	3	4	0	1	2	4	0	206	
0	2	3	4	0	1	2	4	0	207	
0	2	3	4	0	1	2	4	0	208	
0	2	3	4	0	1	2	4	0	210	
0	2	3	4	0	1	2	4	0	211	
0	2	3	4	0	1	2	4	0	212	
0	2	3	4	0	1	2	4	0	213	
0	2	3	4	0	1	2	4	0	214	
0	2	3	4	0	1	2	4	0	215	
0	2	3	4	0	1	2	4	0	216	
0	2	3	4	0	1	2	4	0	217	
0	2	3	4	0	1	2	4	0	218	
0	2	3	4	0	1	2	4	0	219	
0	2	3	4	0	1	2	4	0	220	
0	2	3	4	0	1	2	4	0	221	
0	2	3	4	0	1	2	4	0	222	
0	2	3	4	0	1	2	4	0	223	
0	2	3	4	0	1	2	4	0	224	
0	2	3	4	0	1	2	4	0	225	
0	2	3	4	0	1	2	4	0	226	
0	2	3	4	0	1	2	4	0	227	
0	2	3	4	0	1	2	4	0	228	
0	2	3	4	0	1	2	3	0	229	
0	2	3	4	0	1	2	3	0	230	
0	2	3	4	0	1	2	4	0	231	
0	2	3	4	0	1	2	4	0	232	
0	2	3	4	0	1	2	4	0	233	
0	2	3	4	0	1	2	4	0	234	
0	2	3	4	0	1	2	4	0	235	
0	2	3	4	0	1	2	4	0	236	
0	2	3	4	0	1	2	4	0	237	
0	2	3	4	0	1	2	4	0	238	
0	2	3	4	0	1	2	4	0	239	
0	2	3	4	0	1	2	4	0	240	
0	2	3	4	0	1	2	4	0	241	
0	2	3	4	0	1	2	4	0	242	
0	2	3	4	0	1	2	4	0	243	
0	2	3	4	0	1	2	4	0	244	
0	2	3	4	0	1	2	4	0	245	
0	2	3	4	0	1	2	4	0	246	
0	2	3	4	0	1	2	4	0	247	
0	2	3	4	0	1	2	4	0	248	
0	2	3	4	0	1	2	4	0	249	
0	2	3	4	0	1	2	4	0	251	
0	2	3	4	0	1	2	4	0	252	
0	2	3	4	0	1	2	4	0	253	
0	2	3	4	0	1	2	4	0	254	
0	2	3	4	0	1	2	4	0	255	
0	2	3	4	0	1	2	3	0	0	
0	2	3	4	0	1	2	3	0	1	
0	2	3	4	0	1	2	3	0	2	
0	2	3	4	0	1	2	3	0	3	
0	2	3	4	0	1	2	3	0	4	
0	2	3	4	0	1	2	3	0	5	
0	2	3	4	0	1	2	3	0	6	
0	2	3	4	0	1	2	4	0	7	
0	2	3	4	0	1	2	4	0	8	
0	2	3	4	0	1	2	3	0	10	
0	2	3	4	0	1	2	3	0	11	
0	2	3	4	0	1	2	3	0	12	
0	2	3	4	0	1	2	3	0	13	
0	2	3	4	0	1	2	3	0	14	
0	2	3	4	0	1	2	3	0	15	
0	2	3	4	0	1	2	3	0	16	
0	2	3	4	0	1	2	3	0	17	
0	2	3	4	0	1	2	3	0	18	
0	2	3	4	0	1	2	3	0	19	
0	2	3	4	0	1	2	3	0	20	
0	2	3	4	126	1	2	4	0	21	
1	2	3	4	87	1	2	4	0	22	
0	2	5	4	55	1	2	25	0	23	
0	2	4	4	86	1	2	41	0	25	
0	1	3	4	161	1	45	49	0	26	
1	1	3	4	75	1	61	61	0	27	
0	2	5	13	138	76	62	81	0	28	
0	1	4	9	125	77	75	86	0	29	
0	2	3	5	96	83	103	97	0	30	
0	2	2	6	87	126	97	105	0	31	
0	1	2	11	71	95	117	106	0	32	
0	1	2	4	22	122	111	102	0	33	
0	1	1	8	107	123	101	80	0	34	
0	1	4	6	23	108	89	80	0	35	
0	2	3	3	25	95	66	75	0	36	
0	2	1	2	24	80	77	66	0	37	
0	1	2	0	155	49	71	54	0	38	
0	1	2	7	100	84	58	49	0	39	
1	1	5	5	132	71	43	64	0	40	
0	2	4	0	177	48	41	74	0	41	
0	2	4	2	241	31	77	86	0	42	
0	2	5	1	255	37	86	108	0	43	
1	2	5	12	255	98	101	136	0	44	
0	2	4	7	255	115	132	165	0	45	
0	2	3	9	255	155	169	189	0	46	
0	2	3	10	255	200	200	208	0	47	
0	2	3	14	255	229	222	221	0	48	
0	2	3	12	255	242	235	230	0	49	
0	2	3	10	255	248	242	236	0	50	
0	2	3	7	255	251	246	239	0	51	
0	2	3	7	255	251	248	241	0	52	
0	2	3	6	255	252	249	243	0	53	
0	2	3	6	255	252	249	243	0	54	
0	2	3	6	255	251	249	244	0	55	
0	2	3	5	254	251	249	244	0	56	
0	2	0	5	65	251	248	244	0	57	
0	2	0	5	65	251	248	242	0	58	
0	2	0	5	0	251	248	209	0	59	
0	0	3	5	156	251	245	174	0	60	
0	0	6	5	255	245	181	131	0	61	
1	1	5	0	255	135	137	126	0	62	
1	3	4	0	255	100	85	141	0	63	
0	2	4	0	255	44	109	164	0	64	
0	2	3	8	255	123	153	186	0	66	
0	2	3	16	255	192	189	205	0	67	
0	2	3	13	255	223	214	219	0	68	
0	2	3	11	255	239	230	228	0	69	
0	2	3	9	255	247	240	235	0	70	
0	2	3	8	255	250	245	239	0	71	
0	2	3	7	255	251	247	241	0	72	
0	2	3	6	255	252	249	243	0	73	
0	2	3	6	255	252	249	244	0	74	
0	2	3	6	255	252	249	244	0	75	
0	2	3	5	255	252	249	244	0	76	
0	2	3	5	255	251	248	244	0	77	
0	2	3	5	255	251	248	244	0	78	
0	2	3	5	255	251	248	244	0	79	
0	2	3	5	255	251	248	244	0	81	
0	2	3	5	255	251	248	244	0	82	
0	2	3	5	255	251	248	244	0	83	
0	2	3	5	255	251	248	244	0	84	
0	2	3	5	255	251	248	244	0	85	
0	2	3	5	255	251	248	244	0	86	
0	2	3	5	224	251	248	245	0	87	
0	2	2	5	243	251	248	245	0	88	
0	1	3	5	255	251	248	240	0	89	
0	1	3	5	255	252	239	238	0	90	
0	2	3	5	255	251	238	239	0	91	
0	2	3	5	255	234	241	241	0	92	
0	2	3	5	255	239	244	242	0	93	
0	2	3	6	255	246	246	243	0	94	
0	2	3	6	255	249	247	243	0	96	
0	2	3	6	255	250	248	244	0	97	
0	2	3	5	255	251	248	244	0	98	
0	2	3	5	255	251	248	244	0	99	
0	2	3	5	255	251	248	244	0	100	
0	2	3	5	168	251	248	244	0	101	
0	2	1	5	203	251	248	244	0	102	
0	2	3	5	193	251	248	232	0	103	
0	1	3	5	160	251	223	222	0	104	
0	1	2	5	255	252	213	200	0	105	
1	2	4	5	192	206	200	203	0	106	
0	1	3	0	187	204	189	199	0	107	
0	2	2	4	171	192	206	197	0	108	
0	2	3	0	155	181	198	192	0	109	
0	1	2	9	35	220	197	189	0	110	
0	2	3	4	40	196	190	176	0	111	
0	1	0	4	0	197	186	151	0	112	
0	2	2	4	84	187	167	120	0	113	
0	0	3	2	0	184	126	91	0	114	
0	1	2	4	20	94	88	78	0	115	
0	1	2	0	164	59	57	59	0	116	
0	2	6	0	50	30	58	50	0	117	
1	1	3	0	0	59	38	64	0	118	
0	3	1	6	48	24	36	63	0	119	
0	2	3	0	0	33	74	54	0	120	
0	1	4	1	98	103	66	52	0	121	
1	1	2	4	34	66	46	57	0	122	
0	2	4	0	136	32	49	49	0	123	
0	1	3	4	169	47	60	57	0	124	
0	2	4	8	108	71	42	52	0	125	
0	2	5	0	112	31	62	71	0	126	
1	2	3	7	158	75	51	90	0	127	
0	2	3	3	73	46	86	99	0	128	
0	1	2	9	28	111	112	105	0	129	
0	1	1	12	52	136	113	116	0	130	
0	2	2	5	3	118	114	108	0	131	
0	1	2	5	0	115	129	94	0	132	
0	1	2	8	0	141	106	80	0	133	
0	1	2	2	0	93	81	62	0	134	
0	1	3	0	35	60	66	46	0	135	
0	1	3	2	67	53	42	33	0	137	
0	1	4	0	98	24	26	24	0	138	
0	2	4	0	124	11	16	22	0	139	
0	2	4	2	77	5	9	29	0	140	
0	2	3	2	78	2	17	44	0	141	
0	2	3	5	1	22	34	62	0	142	
0	1	1	7	0	48	59	70	0	143	
0	1	2	9	0	79	83	72	0	144	
0	1	2	10	0	102	79	62	0	145	
0	1	3	5	152	86	55	37	0	146	
1	1	5	5	157	77	36	27	0	147	
1	2	5	0	255	37	23	37	0	148	
0	2	4	0	199	18	13	58	0	149	
1	2	6	1	139	9	42	83	0	150	
0	3	4	2	156	4	79	120	0	152	
0	2	2	9	113	61	111	144	0	153	
0	1	3	12	116	110	162	153	0	154	
0	1	2	11	100	138	177	157	0	155	
0	1	2	16	79	203	170	150	0	156	
0	1	2	10	109	167	165	141	0	157	
0	1	1	3	136	161	147	128	0	158	
0	1	3	5	74	134	118	117	0	159	
0	2	3	1	0	123	106	110	0	160	
0	2	3	3	158	106	103	101	0	161	
0	1	1	2	119	96	113	82	0	162	
1	1	2	0	91	101	94	66	0	163	
0	1	5	6	191	121	63	75	0	164	
0	2	4	3	225	85	48	83	0	165	
0	2	3	0	195	39	79	88	0	167	
1	1	5	0	162	32	92	108	0	168	
0	2	5	12	133	103	95	134	0	169	
0	2	4	8	125	107	129	152	0	170	
0	2	2	5	107	99	163	159	0	171	
0	1	2	11	79	192	176	157	0	172	
0	1	2	12	80	191	172	149	0	173	
0	1	1	8	119	172	145	137	0	174	
0	1	2	5	137	150	126	123	0	175	
0	1	3	2	133	134	109	106	0	176	
0	1	4	3	212	113	95	108	0	177	
0	2	2	2	110	95	100	97	0	178	
0	2	3	2	100	84	109	101	0	179	
1	1	5	5	125	105	90	121	0	180	
0	2	3	7	97	119	103	120	0	181	
0	2	2	1	84	78	140	120	0	182	
0	2	3	6	30	112	125	119	0	183	
0	1	2	12	6	170	121	114	0	184	
0	2	2	4	34	121	121	107	0	185	
0	1	1	2	0	121	111	89	0	186	
0	1	3	5	0	105	101	70	0	187	
0	1	2	3	0	94	73	56	0	188	
0	1	2	2	0	53	50	42	0	189	
0	1	3	0	0	31	39	31	0	190	
0	1	3	0	0	31	25	23	0	191	
0	1	3	3	0	13	16	16	0	192	
0	2	3	2	0	6	9	12	0	193	
0	2	3	3	14	3	6	9	0	194	
0	2	3	3	52	1	4	7	0	195	
0	2	3	3	0	1	3	6	0	196	
0	2	4	4	0	1	2	7	0	197	
0	2	2	4	0	1	2	14	0	198	
0	2	3	4	0	1	7	15	0	199	
0	1	3	5	0	9	21	14	0	200	
0	1	3	8	0	33	16	12	0	201	
0	1	3	3	0	14	12	10	0	202	
0	1	3	3	65	7	9	8	0	203	
0	2	4	3	80	4	6	7	0	204	
0	2	4	4	32	2	4	6	0	205	
0	2	3	4	5	1	3	15	0	206	
0	2	2	4	104	1	3	29	0	208	
0	2	4	4	91	1	23	34	0	209	
0	1	4	9	157	38	45	33	0	210	
0	2	4	8	151	63	42	46	0	211	
0	2	4	5	139	43	34	57	0	212	
0	2	3	2	174	26	57	79	0	213	
0	2	4	9	168	73	70	95	0	214	
0	1	3	8	128	82	117	110	0	215	
0	2	2	11	152	128	129	126	0	216	
0	2	3	10	201	133	146	139	0	217	
0	1	3	6	255	140	154	142	0	218	
0	2	3	8	139	160	147	147	0	219	
1	2	5	7	114	163	148	159	0	220	
0	2	2	4	81	143	154	176	0	221	
0	1	1	5	164	149	173	173	0	223	
0	1	2	7	143	159	197	164	0	224	
0	1	2	7	165	188	178	142	0	225	
1	1	3	11	242	219	158	142	0	226	
0	2	3	2	255	168	124	137	0	227	
1	2	5	0	255	98	139	143	0	228	
0	2	5	0	255	146	135	160	0	229	
0	2	4	5	255	136	178	180	0	230	
0	2	3	6	255	158	205	199	0	231	
0	2	3	6	255	205	224	224	0	232	
0	2	3	11	255	230	235	232	0	233	
0	2	3	11	255	242	242	237	0	234	
0	2	3	8	255	248	246	240	0	235	
0	2	3	7	255	251	248	242	0	236	
0	2	3	6	255	251	248	243	0	238	
0	2	3	6	255	252	249	243	0	239	
0	2	3	6	255	252	249	244	0	240	
0	2	3	6	255	251	248	244	0	241	
0	2	3	5	255	251	248	244	0	242	
0	2	3	5	255	251	248	244	0	243	
0	2	3	5	255	251	248	244	0	244	
0	2	3	5	255	251	248	244	0	245	
0	2	3	5	255	251	248	244	0	246	
0	2	3	5	255	251	248	244	0	247	
0	2	3	5	255	251	248	244	0	248	
0	2	3	5	255	251	248	244	0	249	
0	2	3	5	177	251	248	244	0	250	
0	2	3	5	190	251	248	244	0	251	
0	2	3	5	255	251	248	244	0	252	
0	2	1	5	255	251	248	232	0	253	
0	2	2	5	255	251	248	223	0	254	
1	1	4	5	255	251	224	223	0	255	
0	1	3	5	255	251	215	226	0	0	
0	2	3	0	255	207	223	230	0	1	
0	2	3	1	255	231	231	234	0	2	
0	2	3	8	255	241	238	238	0	3	
0	2	3	7	234	247	243	240	0	4	
0	2	3	7	165	250	246	242	0	5	
0	2	3	6	126	251	247	243	0	6	
0	2	1	6	0	251	248	239	0	7	
0	2	1	5	0	251	248	225	0	8	
0	1	0	5	54	251	239	201	0	9	
0	1	1	5	202	235	214	159	0	10	
0	0	2	0	140	195	179	117	0	11	
0	1	6	0	212	153	117	96	0	12	
1	1	4	0	255	68	71	102	0	13	
0	3	5	0	255	32	65	109	0	14	
1	2	4	2	255	57	103	131	0	15	
0	2	4	15	255	134	117	158	0	16	
0	2	3	7	255	134	154	183	0	17	
0	2	3	11	255	183	189	203	0	18	
0	2	3	13	255	221	214	218	0	19	
0	2	3	11	255	238	230	228	0	20	
0	2	3	9	255	246	240	234	0	21	
0	2	3	8	255	250	245	239	0	23	
0	2	3	7	255	251	247	241	0	24	
0	2	3	6	197	252	248	243	0	25	
0	2	2	6	50	252	249	243	0	26	
0	2	0	6	67	252	249	244	0	27	
0	1	0	5	97	251	249	234	0	28	
0	0	3	5	31	251	249	197	0	29	
0	0	1	5	85	251	164	166	0	30	
0	1	3	2	198	215	131	138	0	31	
1	1	5	0	235	115	107	96	0	32	
1	1	6	0	85	100	77	109	0	33	
0	3	5	4	87	90	77	136	0	34	
0	2	1	0	30	55	116	159	0	35	
0	1	1	4	0	76	163	154	0	36	
0	1	1	12	10	147	188	143	0	38	
0	1	1	15	98	204	158	117	0	39	
0	1	2	11	133	215	134	89	0	40	
1	1	4	0	114	139	93	67	0	41	
1	2	5	0	63	114	58	65	0	42	
0	2	4	0	89	29	40	74	0	43	
0	2	2	0	0	23	56	82	0	44	
0	1	3	0	0	68	91	82	0	45	
0	1	1	7	0	102	84	82	0	46	
0	1	2	10	52	104	84	53	0	47	
0	1	2	7	71	81	57	40	0	48	
1	1	2	3	102	84	37	30	0	49	
0	1	4	0	149	37	23	28	0	50	
0	2	4	0	5	18	14	35	0	51	
0	2	4	1	0	9	23	49	0	53	
0	2	5	2	92	4	40	70	0	54	
0	2	2	7	0	30	62	65	0	55	
0	1	1	7	0	55	93	55	0	56	
0	1	2	9	96	81	67	59	0	57	
0	2	2	11	241	52	46	49	0	58	
